78
MN822013_1 0.0000000 0.0040636 0.0026583 0.0201287 0.0432639 0.0426155 0.0368425 0.0364014 0.0308920 0.0367549 0.0360021 0.0362274 0.0363222 0.0362325 0.0371758 0.0346367 0.0337348 0.0339930 0.0387151 0.0387161 0.0383284 0.0369787 0.0369589 0.0369132 0.0367686 0.0364683 0.0364683 0.0363978 0.0364680 0.0363191 0.0363191 0.0366147 0.0366137 0.0361706 0.0361608 0.0361617 0.0364660 0.0363984 0.0351204 0.0341144 0.0350088 0.0356072 0.0348087 0.0364258 0.0362136 0.0359742 0.0434926 0.0433423 0.0433423 0.0434954 0.0434954 0.0433423 0.0433407 0.0435702 0.0434938 0.0434350 0.0434976 0.0434922 0.0432800 0.0404229 0.0400586 0.0399781 0.0398322 0.0396072 0.0400416 0.0349198 0.0349125 0.0370102 0.0420641 0.0456964 0.0609165 0.0618169 0.0603485 0.0611699 0.0583755 0.0534292 0.0577728 0.0566843 
MN145872_1 0.0040636 0.0000000 0.0025303 0.0191091 0.0432959 0.0426468 0.0374582 0.0365049 0.0311980 0.0367993 0.0361904 0.0364161 0.0365108 0.0362761 0.0373658 0.0347404 0.0339840 0.0342395 0.0389706 0.0389715 0.0385826 0.0372303 0.0372104 0.0371681 0.0370232 0.0367224 0.0367224 0.0366518 0.0367221 0.0365729 0.0365729 0.0368690 0.0368680 0.0364241 0.0364142 0.0364152 0.0367200 0.0366524 0.0352249 0.0346572 0.0353222 0.0359224 0.0351224 0.0367467 0.0365343 0.0362943 0.0438261 0.0436756 0.0436756 0.0438290 0.0438290 0.0436756 0.0436740 0.0439039 0.0438274 0.0437685 0.0438312 0.0438258 0.0436132 0.0407487 0.0403855 0.0403048 0.0401586 0.0399332 0.0403684 0.0350884 0.0350811 0.0370367 0.0422465 0.0460946 0.0614393 0.0622565 0.0608687 0.0615342 0.0587339 0.0537112 0.0579740 0.0571292 
JF727650_1 0.0026583 0.0025303 0.0000000 0.0184538 0.0420622 0.0414169 0.0359710 0.0352350 0.0297494 0.0356646 0.0349152 0.0351395 0.0352353 0.0351465 0.0360863 0.0335546 0.0324992 0.0329152 0.0377618 0.0377627 0.0373785 0.0360340 0.0360148 0.0358098 0.0356657 0.0353667 0.0353667 0.0352964 0.0353664 0.0352181 0.0352181 0.0355126 0.0355116 0.0350702 0.0350607 0.0350616 0.0353645 0.0352970 0.0341792 0.0330195 0.0339921 0.0344418 0.0336465 0.0350944 0.0348830 0.0346452 0.0422778 0.0421281 0.0421281 0.0422805 0.0422805 0.0421281 0.0421266 0.0423550 0.0422790 0.0422200 0.0422826 0.0422774 0.0420657 0.0392223 0.0388607 0.0387808 0.0386353 0.0384113 0.0388442 0.0335417 0.0335347 0.0357020 0.0407192 0.0445551 0.0600242 0.0609183 0.0594601 0.0601213 0.0573385 0.0523452 0.0567377 0.0557402 
HM562900_1 0.0201287 0.0191091 0.0184538 0.0000000 0.0454917 0.0448823 0.0424671 0.0370184 0.0330233 0.0419886 0.0412139 0.0412062 0.0406622 0.0412259 0.0415653 0.0394792 0.0401258 0.0390575 0.0423580 0.0427207 0.0436371 0.0421480 0.0417829 0.0415985 0.0419701 0.0414198 0.0414198 0.0414198 0.0414198 0.0414198 0.0414198 0.0415985 0.0414198 0.0412376 0.0412376 0.0410591 0.0415977 0.0414198 0.0401329 0.0380477 0.0351722 0.0357273 0.0351977 0.0360837 0.0361114 0.0360868 0.0459940 0.0458126 0.0458126 0.0459980 0.0459980 0.0458126 0.0458126 0.0459971 0.0458126 0.0458126 0.0458126 0.0458126 0.0458126 0.0423131 0.0426483 0.0419090 0.0419118 0.0417331 0.0419222 0.0372991 0.0374771 0.0394976 0.0350441 0.0431026 0.0542538 0.0543267 0.0532793 0.0531536 0.0523909 0.0500378 0.0521347 0.0509687 
MN630022_1 0.0432639 0.0432959 0.0420622 0.0454917 0.0000000 0.0025332 0.0375745 0.0344369 0.0287612 0.0468078 0.0460203 0.0461027 0.0461323 0.0462560 0.0468722 0.0446441 0.0445790 0.0444424 0.0500023 0.0501589 0.0494358 0.0482683 0.0483395 0.0483115 0.0481613 0.0478465 0.0478465 0.0477740 0.0478461 0.0476905 0.0476905 0.0479987 0.0479973 0.0475354 0.0475223 0.0475236 0.0478434 0.0477746 0.0467389 0.0460908 0.0462995 0.0467560 0.0459204 0.0473393 0.0471834 0.0470196 0.0741614 0.0739944 0.0739944 0.0739944 0.0739944 0.0739944 0.0739913 0.0742497 0.0741638 0.0741082 0.0741083 0.0738267 0.0739337 0.0710233 0.0705280 0.0703690 0.0702727 0.0700202 0.0705624 0.0642316 0.0643225 0.0673398 0.0622379 0.0673600 0.0868886 0.0877202 0.0859978 0.0865600 0.0847188 0.0790231 0.0837646 0.0835058 
KY969476_1 0.0426155 0.0426468 0.0414169 0.0448823 0.0025332 0.0000000 0.0368029 0.0336772 0.0280229 0.0458519 0.0450683 0.0451502 0.0451805 0.0453042 0.0457652 0.0435471 0.0433190 0.0434975 0.0488770 0.0490328 0.0483155 0.0471541 0.0472252 0.0471831 0.0470336 0.0467205 0.0467205 0.0466483 0.0467201 0.0465653 0.0465653 0.0468720 0.0468707 0.0464110 0.0463982 0.0463995 0.0467175 0.0466489 0.0457039 0.0451225 0.0454931 0.0460955 0.0451131 0.0466684 0.0465130 0.0463499 0.0728871 0.0727208 0.0727208 0.0727208 0.0727208 0.0727208 0.0727179 0.0729749 0.0728894 0.0728337 0.0728338 0.0725540 0.0726601 0.0699370 0.0696075 0.0694492 0.0693533 0.0691019 0.0696422 0.0638447 0.0639354 0.0666066 0.0614694 0.0666280 0.0858988 0.0867166 0.0850071 0.0855665 0.0835638 0.0778961 0.0826140 0.0822795 
JN635406_1 0.0368425 0.0374582 0.0359710 0.0424671 0.0375745 0.0368029 0.0000000 0.0307579 0.0250553 0.0417284 0.0409612 0.0411228 0.0409195 0.0411246 0.0417036 0.0393014 0.0390967 0.0389927 0.0432181 0.0433701 0.0428160 0.0415910 0.0414465 0.0414611 0.0411659 0.0410094 0.0410094 0.0409382 0.0410090 0.0408578 0.0408578 0.0411577 0.0411565 0.0407071 0.0406959 0.0406971 0.0410067 0.0407877 0.0398777 0.0394884 0.0393879 0.0409537 0.0399929 0.0416467 0.0414321 0.0413358 0.0676082 0.0674452 0.0674452 0.0674452 0.0674452 0.0674452 0.0674425 0.0676940 0.0676103 0.0675542 0.0675543 0.0672816 0.0673843 0.0649434 0.0645210 0.0644287 0.0642721 0.0640257 0.0642302 0.0591600 0.0592484 0.0615488 0.0554469 0.0610649 0.0814241 0.0824365 0.0805268 0.0814164 0.0793428 0.0736192 0.0782277 0.0765602 
GQ376027_1 0.0364014 0.0365049 0.0352350 0.0370184 0.0344369 0.0336772 0.0307579 0.0000000 0.0140784 0.0406204 0.0398568 0.0399364 0.0401761 0.0399376 0.0407417 0.0383270 0.0384935 0.0378150 0.0428393 0.0429910 0.0424386 0.0412157 0.0412861 0.0415984 0.0413005 0.0411465 0.0411465 0.0410754 0.0411462 0.0409950 0.0409950 0.0412949 0.0412937 0.0408442 0.0408330 0.0408341 0.0411439 0.0410760 0.0395729 0.0385572 0.0391651 0.0393445 0.0383887 0.0398529 0.0397020 0.0396951 0.0675900 0.0674269 0.0674269 0.0674269 0.0674269 0.0674269 0.0674242 0.0676758 0.0675921 0.0675359 0.0675360 0.0672632 0.0673659 0.0638454 0.0636593 0.0635674 0.0632501 0.0630045 0.0636960 0.0577053 0.0577932 0.0590295 0.0540613 0.0609681 0.0805292 0.0816580 0.0796732 0.0801443 0.0780550 0.0724573 0.0774250 0.0754934 
AB481088_1 0.0308920 0.0311980 0.0297494 0.0330233 0.0287612 0.0280229 0.0250553 0.0140784 0.0000000 0.0358482 0.0351002 0.0352568 0.0352756 0.0351891 0.0361246 0.0337421 0.0335628 0.0332464 0.0381885 0.0383376 0.0378045 0.0365253 0.0368050 0.0369020 0.0367577 0.0364580 0.0364580 0.0363877 0.0364577 0.0363091 0.0363091 0.0366041 0.0366031 0.0361609 0.0361511 0.0361521 0.0364557 0.0363883 0.0347501 0.0340315 0.0342820 0.0344584 0.0335186 0.0348915 0.0347433 0.0347372 0.0616026 0.0614424 0.0614424 0.0614424 0.0614424 0.0614424 0.0614400 0.0616864 0.0616044 0.0615475 0.0615476 0.0612817 0.0613809 0.0582819 0.0580693 0.0579800 0.0576676 0.0574266 0.0581080 0.0522063 0.0522921 0.0544757 0.0494763 0.0555741 0.0752963 0.0763027 0.0741386 0.0746723 0.0726493 0.0670070 0.0720330 0.0700229 
MK513626_1 0.0367549 0.0367993 0.0356646 0.0419886 0.0468078 0.0458519 0.0417284 0.0406204 0.0358482 0.0000000 0.0008843 0.0019639 0.0026010 0.0026640 0.0034934 0.0065306 0.0060096 0.0073766 0.0199562 0.0199578 0.0199329 0.0187562 0.0192274 0.0192629 0.0191270 0.0188496 0.0188496 0.0187825 0.0188494 0.0187113 0.0187113 0.0189865 0.0189861 0.0185734 0.0185685 0.0187059 0.0188484 0.0187830 0.0182086 0.0223640 0.0369355 0.0400905 0.0391305 0.0404723 0.0403209 0.0401627 0.0669564 0.0667937 0.0667937 0.0667937 0.0667937 0.0667937 0.0667910 0.0670420 0.0669585 0.0669023 0.0669652 0.0666304 0.0667327 0.0637827 0.0633531 0.0632614 0.0631053 0.0628599 0.0631665 0.0575559 0.0577277 0.0600823 0.0547555 0.0619525 0.0799876 0.0802845 0.0793763 0.0803322 0.0778678 0.0737630 0.0781564 0.0759880 
MK513624_1 0.0360021 0.0361904 0.0349152 0.0412139 0.0460203 0.0450683 0.0409612 0.0398568 0.0351002 0.0008843 0.0000000 0.0013280 0.0018360 0.0020260 0.0027257 0.0060089 0.0052235 0.0065924 0.0191255 0.0191271 0.0191032 0.0179316 0.0184013 0.0184266 0.0182912 0.0180149 0.0180149 0.0179479 0.0180147 0.0178771 0.0178771 0.0181513 0.0181509 0.0177397 0.0177351 0.0178719 0.0180138 0.0179484 0.0173832 0.0217918 0.0363285 0.0394727 0.0385153 0.0398458 0.0396949 0.0395372 0.0660870 0.0659248 0.0659248 0.0659248 0.0659248 0.0659248 0.0659222 0.0661722 0.0660890 0.0660327 0.0660956 0.0657620 0.0658638 0.0629297 0.0624970 0.0624058 0.0622500 0.0620055 0.0623112 0.0567328 0.0569038 0.0592488 0.0540921 0.0612682 0.0792455 0.0795390 0.0786381 0.0795910 0.0771346 0.0730425 0.0774221 0.0752593 
MH173047_1 0.0362274 0.0364161 0.0351395 0.0412062 0.0461027 0.0451502 0.0411228 0.0399364 0.0352568 0.0019639 0.0013280 0.0000000 0.0026639 0.0028543 0.0035562 0.0068524 0.0060730 0.0074391 0.0193348 0.0193363 0.0193122 0.0181392 0.0187446 0.0187741 0.0186386 0.0183618 0.0183618 0.0182948 0.0183616 0.0182239 0.0182239 0.0184985 0.0184980 0.0180862 0.0180815 0.0182185 0.0183607 0.0182953 0.0177262 0.0222079 0.0368451 0.0398506 0.0388918 0.0402289 0.0400777 0.0399197 0.0663458 0.0661834 0.0661834 0.0661834 0.0661834 0.0661834 0.0661808 0.0664311 0.0663478 0.0662915 0.0663544 0.0660205 0.0661224 0.0631838 0.0627520 0.0626606 0.0625048 0.0622600 0.0625660 0.0569782 0.0571495 0.0594972 0.0542744 0.0615193 0.0795157 0.0796358 0.0787340 0.0798608 0.0774017 0.0733055 0.0776896 0.0755250 
MH631016_1 0.0363222 0.0365108 0.0352353 0.0406622 0.0461323 0.0451805 0.0409195 0.0401761 0.0352756 0.0026010 0.0018360 0.0026639 0.0000000 0.0017065 0.0024046 0.0056827 0.0049000 0.0065200 0.0194664 0.0194680 0.0188775 0.0177083 0.0183121 0.0183650 0.0182295 0.0179532 0.0179532 0.0178862 0.0179530 0.0178154 0.0178154 0.0180897 0.0180892 0.0176780 0.0176733 0.0178102 0.0179521 0.0178867 0.0172951 0.0217934 0.0365033 0.0397956 0.0388381 0.0402382 0.0400870 0.0399290 0.0663593 0.0661969 0.0661969 0.0661969 0.0661969 0.0661969 0.0661942 0.0664446 0.0663613 0.0663050 0.0663680 0.0660339 0.0661358 0.0631963 0.0627645 0.0626731 0.0625172 0.0622724 0.0625784 0.0571370 0.0572246 0.0595702 0.0544345 0.0616814 0.0793279 0.0801822 0.0786402 0.0796664 0.0772118 0.0729359 0.0773329 0.0754171 
MF496201_1 0.0362325 0.0362761 0.0351465 0.0412259 0.0462560 0.0453042 0.0411246 0.0399376 0.0351891 0.0026640 0.0020260 0.0028543 0.0017065 0.0000000 0.0023401 0.0056162 0.0047679 0.0064527 0.0193898 0.0193913 0.0188014 0.0176331 0.0182365 0.0182195 0.0180842 0.0178082 0.0178082 0.0177413 0.0178080 0.0176706 0.0176706 0.0179445 0.0179441 0.0175333 0.0175286 0.0176654 0.0178071 0.0177418 0.0173559 0.0217841 0.0367070 0.0397031 0.0387464 0.0400688 0.0399177 0.0397599 0.0659966 0.0658345 0.0658345 0.0658345 0.0658345 0.0658345 0.0658319 0.0660818 0.0659987 0.0659423 0.0660052 0.0656718 0.0657735 0.0628413 0.0624083 0.0623171 0.0621614 0.0619170 0.0622226 0.0568752 0.0569626 0.0592338 0.0544788 0.0617321 0.0792795 0.0802078 0.0786664 0.0796179 0.0771651 0.0729151 0.0770519 0.0751273 
MK161348_1 0.0371758 0.0373658 0.0360863 0.0415653 0.0468722 0.0457652 0.0417036 0.0407417 0.0361246 0.0034934 0.0027257 0.0035562 0.0024046 0.0023401 0.0000000 0.0064549 0.0055484 0.0071649 0.0201375 0.0201391 0.0195459 0.0183739 0.0189786 0.0190407 0.0189051 0.0186281 0.0186281 0.0185611 0.0186280 0.0184901 0.0184901 0.0187649 0.0187644 0.0183524 0.0183476 0.0184847 0.0186270 0.0185616 0.0180984 0.0226174 0.0372105 0.0405090 0.0395498 0.0409624 0.0408109 0.0406525 0.0671429 0.0669802 0.0669802 0.0669802 0.0669802 0.0669802 0.0669776 0.0672285 0.0671450 0.0670888 0.0671517 0.0668170 0.0669193 0.0638761 0.0632865 0.0633556 0.0631995 0.0629543 0.0633535 0.0577291 0.0578169 0.0601670 0.0554107 0.0626040 0.0799129 0.0810148 0.0794637 0.0804181 0.0779576 0.0738594 0.0779071 0.0759208 
KY969480_1 0.0346367 0.0347404 0.0335546 0.0394792 0.0446441 0.0435471 0.0393014 0.0383270 0.0337421 0.0065306 0.0060089 0.0068524 0.0056827 0.0056162 0.0064549 0.0000000 0.0038611 0.0043992 0.0176318 0.0176332 0.0170627 0.0159116 0.0161102 0.0161795 0.0160450 0.0157711 0.0157711 0.0157045 0.0157710 0.0156346 0.0156346 0.0159066 0.0159062 0.0154983 0.0154942 0.0156300 0.0157702 0.0157050 0.0152264 0.0201298 0.0348939 0.0380129 0.0372054 0.0383021 0.0381520 0.0381430 0.0647229 0.0645613 0.0645613 0.0645613 0.0645613 0.0645613 0.0645587 0.0648077 0.0647249 0.0646684 0.0647313 0.0643992 0.0645001 0.0615077 0.0611489 0.0610583 0.0609031 0.0606596 0.0611281 0.0555086 0.0555957 0.0579097 0.0527258 0.0606450 0.0782256 0.0789860 0.0776077 0.0789039 0.0762800 0.0716379 0.0759953 0.0740142 
KT732231_1 0.0337348 0.0339840 0.0324992 0.0401258 0.0445790 0.0433190 0.0390967 0.0384935 0.0335628 0.0060096 0.0052235 0.0060730 0.0049000 0.0047679 0.0055484 0.0038611 0.0000000 0.0043188 0.0163766 0.0163779 0.0167874 0.0156245 0.0159606 0.0159592 0.0158249 0.0155515 0.0155515 0.0154850 0.0155514 0.0154152 0.0154152 0.0156868 0.0156864 0.0152792 0.0152752 0.0154108 0.0155506 0.0154855 0.0146612 0.0195732 0.0350848 0.0378686 0.0369057 0.0381748 0.0380249 0.0378686 0.0640078 0.0638467 0.0638467 0.0638467 0.0638467 0.0638467 0.0638442 0.0640923 0.0640098 0.0639532 0.0640161 0.0636851 0.0637856 0.0606283 0.0606055 0.0605152 0.0603603 0.0601175 0.0605848 0.0548506 0.0550222 0.0575198 0.0521232 0.0604670 0.0775923 0.0778724 0.0769894 0.0780352 0.0753908 0.0709223 0.0751547 0.0733968 
JN635404_1 0.0339930 0.0342395 0.0329152 0.0390575 0.0444424 0.0434975 0.0389927 0.0378150 0.0332464 0.0073766 0.0065924 0.0074391 0.0065200 0.0064527 0.0071649 0.0043992 0.0043188 0.0000000 0.0169464 0.0169477 0.0165038 0.0152131 0.0155446 0.0156270 0.0154928 0.0152196 0.0152196 0.0151531 0.0152195 0.0150834 0.0150834 0.0153548 0.0153544 0.0149475 0.0149436 0.0150791 0.0152187 0.0151536 0.0146629 0.0195648 0.0348212 0.0376434 0.0366936 0.0381267 0.0379767 0.0378203 0.0642233 0.0640620 0.0640620 0.0640620 0.0640620 0.0640620 0.0640595 0.0643080 0.0642253 0.0641687 0.0642316 0.0639002 0.0640008 0.0611802 0.0608201 0.0607297 0.0605746 0.0603314 0.0606357 0.0550274 0.0551142 0.0575087 0.0521372 0.0601361 0.0783979 0.0793208 0.0777888 0.0789107 0.0761203 0.0713102 0.0757331 0.0734175 
MK142916_1 0.0387151 0.0389706 0.0377618 0.0423580 0.0500023 0.0488770 0.0432181 0.0428393 0.0381885 0.0199562 0.0191255 0.0193348 0.0194664 0.0193898 0.0201375 0.0176318 0.0163766 0.0169464 0.0000000 0.0006303 0.0021547 0.0015828 0.0084842 0.0077219 0.0073897 0.0071262 0.0071262 0.0070612 0.0071262 0.0069947 0.0069947 0.0072573 0.0072572 0.0068632 0.0068615 0.0069927 0.0071258 0.0070614 0.0080546 0.0228392 0.0398605 0.0426727 0.0417019 0.0420436 0.0418287 0.0415828 0.0690806 0.0689169 0.0689169 0.0689169 0.0689169 0.0689169 0.0690827 0.0691668 0.0690827 0.0690268 0.0692585 0.0689211 0.0688561 0.0659627 0.0654566 0.0653639 0.0650408 0.0649600 0.0652683 0.0604625 0.0607206 0.0639863 0.0560607 0.0657726 0.0832967 0.0839761 0.0827516 0.0837205 0.0810473 0.0759290 0.0806480 0.0774406 
MK142914_1 0.0387161 0.0389715 0.0377627 0.0427207 0.0501589 0.0490328 0.0433701 0.0429910 0.0383376 0.0199578 0.0191271 0.0193363 0.0194680 0.0193913 0.0201391 0.0176332 0.0163779 0.0169477 0.0006303 0.0000000 0.0021549 0.0015829 0.0084848 0.0077224 0.0073903 0.0071267 0.0071267 0.0070617 0.0071267 0.0069952 0.0069952 0.0072579 0.0072577 0.0068638 0.0068620 0.0069932 0.0071263 0.0070619 0.0080553 0.0228410 0.0400105 0.0426764 0.0417056 0.0420473 0.0418324 0.0415864 0.0690824 0.0689187 0.0689187 0.0689187 0.0689187 0.0689187 0.0690845 0.0691686 0.0690845 0.0690286 0.0692603 0.0689230 0.0688579 0.0659644 0.0654583 0.0653656 0.0650425 0.0649617 0.0652700 0.0604641 0.0607221 0.0639880 0.0561291 0.0655419 0.0834753 0.0841558 0.0829295 0.0838991 0.0812241 0.0761025 0.0808246 0.0776154 
KU728743_1 0.0383284 0.0385826 0.0373785 0.0436371 0.0494358 0.0483155 0.0428160 0.0424386 0.0378045 0.0199329 0.0191032 0.0193122 0.0188775 0.0188014 0.0195459 0.0170627 0.0167874 0.0165038 0.0021547 0.0021549 0.0000000 0.0011994 0.0080745 0.0082503 0.0079183 0.0076541 0.0076541 0.0075889 0.0076540 0.0075222 0.0075222 0.0077855 0.0077853 0.0073895 0.0073876 0.0075190 0.0076536 0.0075892 0.0076452 0.0234023 0.0391764 0.0419725 0.0410073 0.0425014 0.0422863 0.0420397 0.0697576 0.0695935 0.0695935 0.0695935 0.0695935 0.0695935 0.0697598 0.0698440 0.0697598 0.0697039 0.0699360 0.0695978 0.0695328 0.0666281 0.0661244 0.0660314 0.0657076 0.0656266 0.0659355 0.0600065 0.0600953 0.0633457 0.0567663 0.0651221 0.0825276 0.0836496 0.0819543 0.0829185 0.0804321 0.0753349 0.0799656 0.0768389 
KJ410048_1 0.0369787 0.0372303 0.0360340 0.0421480 0.0482683 0.0471541 0.0415910 0.0412157 0.0365253 0.0187562 0.0179316 0.0181392 0.0177083 0.0176331 0.0183739 0.0159116 0.0156245 0.0152131 0.0015828 0.0015829 0.0011994 0.0000000 0.0068335 0.0069958 0.0066660 0.0064033 0.0064033 0.0063384 0.0064033 0.0062722 0.0062722 0.0065341 0.0065339 0.0061412 0.0061396 0.0062704 0.0064029 0.0063386 0.0064025 0.0220657 0.0380378 0.0406698 0.0397098 0.0412050 0.0409906 0.0407457 0.0684093 0.0682460 0.0682460 0.0682460 0.0682460 0.0682460 0.0684115 0.0684953 0.0684115 0.0683554 0.0685867 0.0682502 0.0681852 0.0653028 0.0647943 0.0647019 0.0643795 0.0642988 0.0646065 0.0586879 0.0587761 0.0620067 0.0555604 0.0636776 0.0816030 0.0827176 0.0809781 0.0819380 0.0792901 0.0742184 0.0788939 0.0758836 
MG912592_1 0.0369589 0.0372104 0.0360148 0.0417829 0.0483395 0.0472252 0.0414465 0.0412861 0.0368050 0.0192274 0.0184013 0.0187446 0.0183121 0.0182365 0.0189786 0.0161102 0.0159606 0.0155446 0.0084842 0.0084848 0.0080745 0.0068335 0.0000000 0.0012155 0.0008948 0.0006382 0.0006382 0.0006382 0.0006382 0.0005105 0.0005105 0.0007659 0.0007659 0.0007671 0.0007659 0.0008949 0.0010233 0.0009594 0.0065317 0.0222731 0.0379336 0.0407996 0.0398396 0.0413362 0.0411219 0.0408769 0.0683711 0.0682079 0.0682079 0.0682079 0.0682079 0.0682079 0.0682052 0.0684570 0.0683732 0.0683173 0.0683802 0.0680441 0.0681471 0.0653607 0.0648520 0.0647597 0.0644373 0.0643567 0.0646643 0.0586216 0.0586125 0.0618591 0.0556456 0.0636607 0.0809529 0.0818918 0.0801645 0.0814684 0.0784836 0.0734324 0.0780889 0.0754250 
KT732261_1 0.0369132 0.0371681 0.0358098 0.0415985 0.0483115 0.0471831 0.0414611 0.0415984 0.0369020 0.0192629 0.0184266 0.0187741 0.0183650 0.0182195 0.0190407 0.0161795 0.0159592 0.0156270 0.0077219 0.0077224 0.0082503 0.0069958 0.0012155 0.0000000 0.0010873 0.0008310 0.0008310 0.0008310 0.0008309 0.0007019 0.0007019 0.0009590 0.0009590 0.0009595 0.0009592 0.0010874 0.0012159 0.0011520 0.0065588 0.0223662 0.0375274 0.0409591 0.0399853 0.0414259 0.0412115 0.0409663 0.0684805 0.0683171 0.0683171 0.0683171 0.0683171 0.0683171 0.0683144 0.0685665 0.0684826 0.0684266 0.0684896 0.0681532 0.0682563 0.0649831 0.0649587 0.0648663 0.0645437 0.0644631 0.0647708 0.0583782 0.0585526 0.0618986 0.0557422 0.0640018 0.0804276 0.0807192 0.0796504 0.0810571 0.0778637 0.0728481 0.0775576 0.0749418 
KT732259_1 0.0367686 0.0370232 0.0356657 0.0419701 0.0481613 0.0470336 0.0411659 0.0413005 0.0367577 0.0191270 0.0182912 0.0186386 0.0182295 0.0180842 0.0189051 0.0160450 0.0158249 0.0154928 0.0073897 0.0073903 0.0079183 0.0066660 0.0008948 0.0010873 0.0000000 0.0005104 0.0005104 0.0005105 0.0005104 0.0003828 0.0003828 0.0006381 0.0006381 0.0006381 0.0006381 0.0007669 0.0008952 0.0008313 0.0063599 0.0222287 0.0375320 0.0408126 0.0398392 0.0412791 0.0410647 0.0408197 0.0683199 0.0681566 0.0681566 0.0681566 0.0681566 0.0681566 0.0681539 0.0684059 0.0683220 0.0682660 0.0683289 0.0679928 0.0680958 0.0648243 0.0648000 0.0647076 0.0643852 0.0643046 0.0646122 0.0582233 0.0583976 0.0615820 0.0555264 0.0641704 0.0806548 0.0809475 0.0798767 0.0812851 0.0780875 0.0730656 0.0777812 0.0751625 
KT732257_1 0.0364683 0.0367224 0.0353667 0.0414198 0.0478465 0.0467205 0.0410094 0.0411465 0.0364580 0.0188496 0.0180149 0.0183618 0.0179532 0.0178082 0.0186281 0.0157711 0.0155515 0.0152196 0.0071262 0.0071267 0.0076541 0.0064033 0.0006382 0.0008310 0.0005104 0.0000000 0.0000010 0.0000010 0.0001276 0.0001276 0.0001276 0.0002552 0.0002552 0.0003828 0.0003828 0.0005104 0.0006381 0.0005743 0.0060966 0.0219471 0.0373783 0.0405072 0.0395350 0.0409731 0.0407589 0.0405143 0.0679781 0.0678150 0.0678150 0.0678150 0.0678150 0.0678150 0.0678123 0.0680639 0.0679802 0.0679242 0.0679871 0.0676514 0.0677542 0.0644872 0.0644630 0.0643708 0.0640488 0.0639682 0.0642755 0.0578960 0.0580700 0.0614092 0.0552655 0.0638337 0.0802956 0.0805868 0.0795185 0.0809250 0.0777320 0.0727169 0.0774259 0.0748102 
KT732249_1 0.0364683 0.0367224 0.0353667 0.0414198 0.0478465 0.0467205 0.0410094 0.0411465 0.0364580 0.0188496 0.0180149 0.0183618 0.0179532 0.0178082 0.0186281 0.0157711 0.0155515 0.0152196 0.0071262 0.0071267 0.0076541 0.0064033 0.0006382 0.0008310 0.0005104 0.0000010 0.0000000 0.0000010 0.0001276 0.0001276 0.0001276 0.0002552 0.0002552 0.0003828 0.0003828 0.0005104 0.0006381 0.0005743 0.0060966 0.0219471 0.0373783 0.0405072 0.0395350 0.0409731 0.0407589 0.0405143 0.0679781 0.0678150 0.0678150 0.0678150 0.0678150 0.0678150 0.0678123 0.0680639 0.0679802 0.0679242 0.0679871 0.0676514 0.0677542 0.0644872 0.0644630 0.0643708 0.0640488 0.0639682 0.0642755 0.0578960 0.0580700 0.0614092 0.0552655 0.0638337 0.0802956 0.0805868 0.0795185 0.0809250 0.0777320 0.0727169 0.0774259 0.0748102 
KT732251_1 0.0363978 0.0366518 0.0352964 0.0414198 0.0477740 0.0466483 0.0409382 0.0410754 0.0363877 0.0187825 0.0179479 0.0182948 0.0178862 0.0177413 0.0185611 0.0157045 0.0154850 0.0151531 0.0070612 0.0070617 0.0075889 0.0063384 0.0006382 0.0008310 0.0005105 0.0000010 0.0000010 0.0000000 0.0001276 0.0001276 0.0001276 0.0002552 0.0002552 0.0003828 0.0003828 0.0005105 0.0006381 0.0005743 0.0060316 0.0218793 0.0373079 0.0404360 0.0394640 0.0409018 0.0406876 0.0404431 0.0679021 0.0677390 0.0677390 0.0677390 0.0677390 0.0677390 0.0677363 0.0679879 0.0679042 0.0678481 0.0679110 0.0675754 0.0676782 0.0644118 0.0643876 0.0642954 0.0639734 0.0638929 0.0642002 0.0578220 0.0579959 0.0613344 0.0551920 0.0637583 0.0802174 0.0805082 0.0794404 0.0808466 0.0776542 0.0726400 0.0773482 0.0747327 
KT732247_1 0.0364680 0.0367221 0.0353664 0.0414198 0.0478461 0.0467201 0.0410090 0.0411462 0.0364577 0.0188494 0.0180147 0.0183616 0.0179530 0.0178080 0.0186280 0.0157710 0.0155514 0.0152195 0.0071262 0.0071267 0.0076540 0.0064033 0.0006382 0.0008309 0.0005104 0.0001276 0.0001276 0.0001276 0.0000000 0.0001276 0.0001276 0.0002552 0.0002552 0.0003828 0.0003828 0.0005104 0.0006381 0.0005743 0.0060966 0.0219469 0.0373780 0.0405069 0.0395347 0.0409728 0.0407586 0.0405140 0.0679775 0.0678144 0.0678144 0.0678144 0.0678144 0.0678144 0.0678117 0.0680633 0.0679796 0.0679236 0.0679865 0.0676508 0.0677536 0.0644866 0.0644624 0.0643703 0.0640482 0.0639677 0.0642750 0.0578955 0.0580695 0.0614086 0.0552650 0.0638332 0.0802949 0.0805861 0.0795178 0.0809242 0.0777313 0.0727163 0.0774252 0.0748095 
KT732239_1 0.0363191 0.0365729 0.0352181 0.0414198 0.0476905 0.0465653 0.0408578 0.0409950 0.0363091 0.0187113 0.0178771 0.0182239 0.0178154 0.0176706 0.0184901 0.0156346 0.0154152 0.0150834 0.0069947 0.0069952 0.0075222 0.0062722 0.0005105 0.0007019 0.0003828 0.0001276 0.0001276 0.0001276 0.0001276 0.0000000 0.0000010 0.0002552 0.0002552 0.0002552 0.0002552 0.0003828 0.0005104 0.0004466 0.0059652 0.0218068 0.0372291 0.0403557 0.0393840 0.0408212 0.0406071 0.0403627 0.0678096 0.0676466 0.0676466 0.0676466 0.0676466 0.0676466 0.0676439 0.0678954 0.0678117 0.0677557 0.0678186 0.0674831 0.0675858 0.0643208 0.0642967 0.0642046 0.0638827 0.0638022 0.0641094 0.0577342 0.0579081 0.0612450 0.0551055 0.0636676 0.0801192 0.0804096 0.0793425 0.0807481 0.0775572 0.0725453 0.0772513 0.0746368 
KT732235_1 0.0363191 0.0365729 0.0352181 0.0414198 0.0476905 0.0465653 0.0408578 0.0409950 0.0363091 0.0187113 0.0178771 0.0182239 0.0178154 0.0176706 0.0184901 0.0156346 0.0154152 0.0150834 0.0069947 0.0069952 0.0075222 0.0062722 0.0005105 0.0007019 0.0003828 0.0001276 0.0001276 0.0001276 0.0001276 0.0000010 0.0000000 0.0002552 0.0002552 0.0002552 0.0002552 0.0003828 0.0005104 0.0004466 0.0059652 0.0218068 0.0372291 0.0403557 0.0393840 0.0408212 0.0406071 0.0403627 0.0678096 0.0676466 0.0676466 0.0676466 0.0676466 0.0676466 0.0676439 0.0678954 0.0678117 0.0677557 0.0678186 0.0674831 0.0675858 0.0643208 0.0642967 0.0642046 0.0638827 0.0638022 0.0641094 0.0577342 0.0579081 0.0612450 0.0551055 0.0636676 0.0801192 0.0804096 0.0793425 0.0807481 0.0775572 0.0725453 0.0772513 0.0746368 
KT732255_1 0.0366147 0.0368690 0.0355126 0.0415985 0.0479987 0.0468720 0.0411577 0.0412949 0.0366041 0.0189865 0.0181513 0.0184985 0.0180897 0.0179445 0.0187649 0.0159066 0.0156868 0.0153548 0.0072573 0.0072579 0.0077855 0.0065341 0.0007659 0.0009590 0.0006381 0.0002552 0.0002552 0.0002552 0.0002552 0.0002552 0.0002552 0.0000000 0.0003828 0.0005104 0.0005104 0.0006381 0.0007670 0.0007031 0.0062277 0.0220858 0.0373780 0.0406556 0.0396829 0.0411218 0.0409075 0.0406628 0.0681407 0.0679775 0.0679775 0.0679775 0.0679775 0.0679775 0.0679748 0.0682266 0.0681428 0.0680868 0.0681497 0.0678138 0.0679167 0.0646480 0.0646237 0.0645315 0.0642093 0.0641287 0.0644362 0.0580530 0.0582271 0.0615681 0.0554209 0.0639944 0.0804647 0.0806713 0.0796872 0.0810945 0.0778997 0.0728822 0.0775936 0.0749768 
KT732245_1 0.0366137 0.0368680 0.0355116 0.0414198 0.0479973 0.0468707 0.0411565 0.0412937 0.0366031 0.0189861 0.0181509 0.0184980 0.0180892 0.0179441 0.0187644 0.0159062 0.0156864 0.0153544 0.0072572 0.0072577 0.0077853 0.0065339 0.0007659 0.0009590 0.0006381 0.0002552 0.0002552 0.0002552 0.0002552 0.0002552 0.0002552 0.0003828 0.0000000 0.0005104 0.0005104 0.0006381 0.0007670 0.0007031 0.0062276 0.0220852 0.0375237 0.0406545 0.0396818 0.0411206 0.0409064 0.0406616 0.0681386 0.0679754 0.0679754 0.0679754 0.0679754 0.0679754 0.0679727 0.0682244 0.0681407 0.0680847 0.0681476 0.0678117 0.0679146 0.0646460 0.0646218 0.0645295 0.0642073 0.0641268 0.0644342 0.0580513 0.0582253 0.0615663 0.0554193 0.0638312 0.0802923 0.0805834 0.0795152 0.0809216 0.0777288 0.0727140 0.0774227 0.0748071 
KT732253_1 0.0361706 0.0364241 0.0350702 0.0412376 0.0475354 0.0464110 0.0407071 0.0408442 0.0361609 0.0185734 0.0177397 0.0180862 0.0176780 0.0175333 0.0183524 0.0154983 0.0152792 0.0149475 0.0068632 0.0068638 0.0073895 0.0061412 0.0007671 0.0009595 0.0006381 0.0003828 0.0003828 0.0003828 0.0003828 0.0002552 0.0002552 0.0005104 0.0005104 0.0000000 0.0001276 0.0002552 0.0002552 0.0003190 0.0058340 0.0216668 0.0371672 0.0402048 0.0392337 0.0406701 0.0404561 0.0402119 0.0676426 0.0674797 0.0674797 0.0674797 0.0674797 0.0674797 0.0674770 0.0677283 0.0676447 0.0675886 0.0676515 0.0673162 0.0674188 0.0641558 0.0641318 0.0640398 0.0637180 0.0636376 0.0639446 0.0575736 0.0577473 0.0610821 0.0549467 0.0635027 0.0801627 0.0804534 0.0793855 0.0807919 0.0775991 0.0725842 0.0772930 0.0746771 
KT732233_1 0.0361608 0.0364142 0.0350607 0.0412376 0.0475223 0.0463982 0.0406959 0.0408330 0.0361511 0.0185685 0.0177351 0.0180815 0.0176733 0.0175286 0.0183476 0.0154942 0.0152752 0.0149436 0.0068615 0.0068620 0.0073876 0.0061396 0.0007659 0.0009592 0.0006381 0.0003828 0.0003828 0.0003828 0.0003828 0.0002552 0.0002552 0.0005104 0.0005104 0.0001276 0.0000000 0.0002552 0.0003828 0.0003190 0.0058325 0.0216611 0.0371571 0.0401938 0.0392230 0.0406589 0.0404450 0.0402009 0.0676233 0.0674604 0.0674604 0.0674604 0.0674604 0.0674604 0.0674577 0.0677089 0.0676254 0.0675693 0.0676322 0.0672970 0.0673996 0.0641376 0.0641135 0.0640216 0.0636999 0.0636195 0.0639264 0.0575575 0.0577311 0.0610648 0.0549313 0.0634847 0.0801393 0.0804298 0.0793624 0.0807684 0.0775766 0.0725633 0.0772706 0.0746554 
KT732237_1 0.0361617 0.0364152 0.0350616 0.0410591 0.0475236 0.0463995 0.0406971 0.0408341 0.0361521 0.0187059 0.0178719 0.0182185 0.0178102 0.0176654 0.0184847 0.0156300 0.0154108 0.0150791 0.0069927 0.0069932 0.0075190 0.0062704 0.0008949 0.0010874 0.0007669 0.0005104 0.0005104 0.0005105 0.0005104 0.0003828 0.0003828 0.0006381 0.0006381 0.0002552 0.0002552 0.0000000 0.0005104 0.0004466 0.0059636 0.0218004 0.0371581 0.0401949 0.0392240 0.0406601 0.0404461 0.0402020 0.0676254 0.0674625 0.0674625 0.0674625 0.0674625 0.0674625 0.0674598 0.0677110 0.0676275 0.0675714 0.0676343 0.0672991 0.0674016 0.0641396 0.0641155 0.0640235 0.0637019 0.0636215 0.0639284 0.0575592 0.0577328 0.0610666 0.0549329 0.0634866 0.0801419 0.0804325 0.0793649 0.0807710 0.0775790 0.0725656 0.0772730 0.0746578 
KT732243_1 0.0364660 0.0367200 0.0353645 0.0415977 0.0478434 0.0467175 0.0410067 0.0411439 0.0364557 0.0188484 0.0180138 0.0183607 0.0179521 0.0178071 0.0186270 0.0157702 0.0155506 0.0152187 0.0071258 0.0071263 0.0076536 0.0064029 0.0010233 0.0012159 0.0008952 0.0006381 0.0006381 0.0006381 0.0006381 0.0005104 0.0005104 0.0007670 0.0007670 0.0002552 0.0003828 0.0005104 0.0000000 0.0005743 0.0060963 0.0219457 0.0374629 0.0405046 0.0395325 0.0409705 0.0407563 0.0405117 0.0678104 0.0676474 0.0676474 0.0676474 0.0676474 0.0676474 0.0676447 0.0678961 0.0678125 0.0677564 0.0678193 0.0674838 0.0675865 0.0643215 0.0642974 0.0642053 0.0638834 0.0638029 0.0641101 0.0577348 0.0579087 0.0612456 0.0552618 0.0638294 0.0805084 0.0808005 0.0797304 0.0811385 0.0779418 0.0729213 0.0776355 0.0750172 
KT732241_1 0.0363984 0.0366524 0.0352970 0.0414198 0.0477746 0.0466489 0.0407877 0.0410760 0.0363883 0.0187830 0.0179484 0.0182953 0.0178867 0.0177418 0.0185616 0.0157050 0.0154855 0.0151536 0.0070614 0.0070619 0.0075892 0.0063386 0.0009594 0.0011520 0.0008313 0.0005743 0.0005743 0.0005743 0.0005743 0.0004466 0.0004466 0.0007031 0.0007031 0.0003190 0.0003190 0.0004466 0.0005743 0.0000000 0.0060318 0.0218798 0.0373954 0.0404366 0.0394646 0.0409024 0.0406882 0.0404437 0.0676834 0.0675205 0.0675205 0.0675205 0.0675205 0.0675205 0.0675178 0.0677690 0.0676855 0.0676294 0.0676923 0.0673571 0.0674597 0.0641979 0.0641738 0.0640818 0.0637602 0.0636798 0.0639867 0.0576178 0.0577914 0.0611251 0.0551924 0.0637585 0.0802596 0.0805508 0.0794822 0.0808892 0.0776950 0.0726781 0.0773888 0.0747720 
KJ018971_2 0.0351204 0.0352249 0.0341792 0.0401329 0.0467389 0.0457039 0.0398777 0.0395729 0.0347501 0.0182086 0.0173832 0.0177262 0.0172951 0.0173559 0.0180984 0.0152264 0.0146612 0.0146629 0.0080546 0.0080553 0.0076452 0.0064025 0.0065317 0.0065588 0.0063599 0.0060966 0.0060966 0.0060316 0.0060966 0.0059652 0.0059652 0.0062277 0.0062276 0.0058340 0.0058325 0.0059636 0.0060963 0.0060318 0.0000000 0.0210259 0.0364883 0.0394855 0.0385994 0.0400048 0.0397904 0.0395461 0.0666496 0.0666496 0.0666496 0.0666496 0.0666496 0.0666496 0.0666469 0.0668983 0.0668147 0.0667583 0.0668214 0.0664860 0.0665885 0.0638839 0.0633706 0.0632786 0.0629566 0.0628761 0.0631835 0.0568375 0.0569252 0.0600649 0.0534624 0.0619858 0.0795326 0.0803811 0.0786624 0.0797070 0.0769152 0.0722219 0.0767600 0.0742001 
KC117298_1 0.0341144 0.0346572 0.0330195 0.0380477 0.0460908 0.0451225 0.0394884 0.0385572 0.0340315 0.0223640 0.0217918 0.0222079 0.0217934 0.0217841 0.0226174 0.0201298 0.0195732 0.0195648 0.0228392 0.0228410 0.0234023 0.0220657 0.0222731 0.0223662 0.0222287 0.0219471 0.0219471 0.0218793 0.0219469 0.0218068 0.0218068 0.0220858 0.0220852 0.0216668 0.0216611 0.0218004 0.0219457 0.0218798 0.0210259 0.0000000 0.0358332 0.0379335 0.0372656 0.0385169 0.0383035 0.0382093 0.0660368 0.0658740 0.0658740 0.0658740 0.0658740 0.0658740 0.0658714 0.0661223 0.0660389 0.0659824 0.0660455 0.0657107 0.0658128 0.0625394 0.0623505 0.0620939 0.0619377 0.0618574 0.0621598 0.0556151 0.0557877 0.0590403 0.0531439 0.0605003 0.0789050 0.0791668 0.0781978 0.0797036 0.0771102 0.0715892 0.0762111 0.0742745 
JN635410_1 0.0350088 0.0353222 0.0339921 0.0351722 0.0462995 0.0454931 0.0393879 0.0391651 0.0342820 0.0369355 0.0363285 0.0368451 0.0365033 0.0367070 0.0372105 0.0348939 0.0350848 0.0348212 0.0398605 0.0400105 0.0391764 0.0380378 0.0379336 0.0375274 0.0375320 0.0373783 0.0373783 0.0373079 0.0373780 0.0372291 0.0372291 0.0373780 0.0375237 0.0371672 0.0371571 0.0371581 0.0374629 0.0373954 0.0364883 0.0358332 0.0000000 0.0375740 0.0368367 0.0381285 0.0379785 0.0378221 0.0646304 0.0644689 0.0644689 0.0644689 0.0644689 0.0644689 0.0644664 0.0645491 0.0644664 0.0645759 0.0644727 0.0643024 0.0644077 0.0618169 0.0613863 0.0614553 0.0611402 0.0608965 0.0609653 0.0555777 0.0556648 0.0583658 0.0527429 0.0604234 0.0801410 0.0807528 0.0792263 0.0797651 0.0777142 0.0724021 0.0766142 0.0754896 
MF449469_1 0.0356072 0.0359224 0.0344418 0.0357273 0.0467560 0.0460955 0.0409537 0.0393445 0.0344584 0.0400905 0.0394727 0.0398506 0.0397956 0.0397031 0.0405090 0.0380129 0.0378686 0.0376434 0.0426727 0.0426764 0.0419725 0.0406698 0.0407996 0.0409591 0.0408126 0.0405072 0.0405072 0.0404360 0.0405069 0.0403557 0.0403557 0.0406556 0.0406545 0.0402048 0.0401938 0.0401949 0.0405046 0.0404366 0.0394855 0.0379335 0.0375740 0.0000000 0.0011350 0.0012151 0.0008951 0.0007019 0.0655377 0.0653753 0.0653753 0.0653753 0.0653753 0.0653753 0.0653727 0.0656229 0.0655397 0.0654832 0.0655462 0.0652124 0.0653141 0.0625711 0.0622842 0.0621928 0.0618762 0.0616314 0.0622586 0.0561925 0.0561800 0.0589189 0.0540343 0.0513606 0.0798148 0.0809446 0.0791338 0.0796738 0.0772109 0.0721577 0.0756640 0.0748872 
JN635402_1 0.0348087 0.0351224 0.0336465 0.0351977 0.0459204 0.0451131 0.0399929 0.0383887 0.0335186 0.0391305 0.0385153 0.0388918 0.0388381 0.0387464 0.0395498 0.0372054 0.0369057 0.0366936 0.0417019 0.0417056 0.0410073 0.0397098 0.0398396 0.0399853 0.0398392 0.0395350 0.0395350 0.0394640 0.0395347 0.0393840 0.0393840 0.0396829 0.0396818 0.0392337 0.0392230 0.0392240 0.0395325 0.0394646 0.0385994 0.0372656 0.0368367 0.0011350 0.0000000 0.0019202 0.0015997 0.0014065 0.0646680 0.0645060 0.0645060 0.0645060 0.0645060 0.0645060 0.0645035 0.0647530 0.0646700 0.0646133 0.0646764 0.0643435 0.0644447 0.0617140 0.0614232 0.0613322 0.0610162 0.0607720 0.0613979 0.0554218 0.0554095 0.0579839 0.0531770 0.0505140 0.0789417 0.0800648 0.0782649 0.0788031 0.0763480 0.0713098 0.0748049 0.0741957 
KT732229_1 0.0364258 0.0367467 0.0350944 0.0360837 0.0473393 0.0466684 0.0416467 0.0398529 0.0348915 0.0404723 0.0398458 0.0402289 0.0402382 0.0400688 0.0409624 0.0383021 0.0381748 0.0381267 0.0420436 0.0420473 0.0425014 0.0412050 0.0413362 0.0414259 0.0412791 0.0409731 0.0409731 0.0409018 0.0409728 0.0408212 0.0408212 0.0411218 0.0411206 0.0406701 0.0406589 0.0406601 0.0409705 0.0409024 0.0400048 0.0385169 0.0381285 0.0012151 0.0019202 0.0000000 0.0005102 0.0010224 0.0661634 0.0660006 0.0660006 0.0660006 0.0660006 0.0660006 0.0659980 0.0662489 0.0661654 0.0661089 0.0661720 0.0658373 0.0659394 0.0629245 0.0629008 0.0628090 0.0624917 0.0622462 0.0628750 0.0567151 0.0567870 0.0596443 0.0546840 0.0529567 0.0805868 0.0810769 0.0799122 0.0805491 0.0780462 0.0728366 0.0765683 0.0758587 
KT732227_1 0.0362136 0.0365343 0.0348830 0.0361114 0.0471834 0.0465130 0.0414321 0.0397020 0.0347433 0.0403209 0.0396949 0.0400777 0.0400870 0.0399177 0.0408109 0.0381520 0.0380249 0.0379767 0.0418287 0.0418324 0.0422863 0.0409906 0.0411219 0.0412115 0.0410647 0.0407589 0.0407589 0.0406876 0.0407586 0.0406071 0.0406071 0.0409075 0.0409064 0.0404561 0.0404450 0.0404461 0.0407563 0.0406882 0.0397904 0.0383035 0.0379785 0.0008951 0.0015997 0.0005102 0.0000000 0.0007655 0.0659328 0.0657701 0.0657701 0.0657701 0.0657701 0.0657701 0.0657675 0.0660182 0.0659348 0.0658783 0.0659414 0.0656069 0.0657089 0.0626959 0.0626723 0.0625807 0.0622635 0.0620182 0.0626466 0.0564910 0.0565629 0.0594181 0.0544616 0.0527343 0.0803466 0.0808355 0.0796724 0.0803087 0.0778076 0.0726013 0.0763304 0.0756214 
KT732225_1 0.0359742 0.0362943 0.0346452 0.0360868 0.0470196 0.0463499 0.0413358 0.0396951 0.0347372 0.0401627 0.0395372 0.0399197 0.0399290 0.0397599 0.0406525 0.0381430 0.0378686 0.0378203 0.0415828 0.0415864 0.0420397 0.0407457 0.0408769 0.0409663 0.0408197 0.0405143 0.0405143 0.0404431 0.0405140 0.0403627 0.0403627 0.0406628 0.0406616 0.0402119 0.0402009 0.0402020 0.0405117 0.0404437 0.0395461 0.0382093 0.0378221 0.0007019 0.0014065 0.0010224 0.0007655 0.0000000 0.0659804 0.0658177 0.0658177 0.0658177 0.0658177 0.0658177 0.0658151 0.0660658 0.0659824 0.0659259 0.0659890 0.0656546 0.0657565 0.0627442 0.0627206 0.0626289 0.0623119 0.0620666 0.0626949 0.0565405 0.0566124 0.0594670 0.0541960 0.0523174 0.0802208 0.0807090 0.0795470 0.0801829 0.0776837 0.0726476 0.0762074 0.0752560 
MK513622_1 0.0434926 0.0438261 0.0422778 0.0459940 0.0741614 0.0728871 0.0676082 0.0675900 0.0616026 0.0669564 0.0660870 0.0663458 0.0663593 0.0659966 0.0671429 0.0647229 0.0640078 0.0642233 0.0690806 0.0690824 0.0697576 0.0684093 0.0683711 0.0684805 0.0683199 0.0679781 0.0679781 0.0679021 0.0679775 0.0678096 0.0678096 0.0681407 0.0681386 0.0676426 0.0676233 0.0676254 0.0678104 0.0676834 0.0666496 0.0660368 0.0646304 0.0655377 0.0646680 0.0661634 0.0659328 0.0659804 0.0000000 0.0001276 0.0001276 0.0002552 0.0002552 0.0002552 0.0002552 0.0003190 0.0002552 0.0001914 0.0003828 0.0005104 0.0003190 0.0058185 0.0058163 0.0057503 0.0062731 0.0062074 0.0054239 0.0228260 0.0228932 0.0194357 0.0738040 0.0757286 0.0893556 0.0880069 0.0873470 0.0889016 0.0868759 0.0820784 0.0869798 0.0866027 
MK513604_1 0.0433423 0.0436756 0.0421281 0.0458126 0.0739944 0.0727208 0.0674452 0.0674269 0.0614424 0.0667937 0.0659248 0.0661834 0.0661969 0.0658345 0.0669802 0.0645613 0.0638467 0.0640620 0.0689169 0.0689187 0.0695935 0.0682460 0.0682079 0.0683171 0.0681566 0.0678150 0.0678150 0.0677390 0.0678144 0.0676466 0.0676466 0.0679775 0.0679754 0.0674797 0.0674604 0.0674625 0.0676474 0.0675205 0.0666496 0.0658740 0.0644689 0.0653753 0.0645060 0.0660006 0.0657701 0.0658177 0.0001276 0.0000000 0.0000010 0.0001276 0.0001276 0.0001276 0.0001276 0.0001914 0.0001276 0.0000638 0.0002552 0.0003828 0.0001914 0.0056879 0.0056858 0.0056199 0.0061424 0.0060767 0.0052935 0.0226865 0.0227536 0.0192982 0.0736380 0.0755609 0.0891806 0.0878319 0.0871729 0.0887267 0.0867022 0.0819073 0.0868061 0.0864289 
MK513598_1 0.0433423 0.0436756 0.0421281 0.0458126 0.0739944 0.0727208 0.0674452 0.0674269 0.0614424 0.0667937 0.0659248 0.0661834 0.0661969 0.0658345 0.0669802 0.0645613 0.0638467 0.0640620 0.0689169 0.0689187 0.0695935 0.0682460 0.0682079 0.0683171 0.0681566 0.0678150 0.0678150 0.0677390 0.0678144 0.0676466 0.0676466 0.0679775 0.0679754 0.0674797 0.0674604 0.0674625 0.0676474 0.0675205 0.0666496 0.0658740 0.0644689 0.0653753 0.0645060 0.0660006 0.0657701 0.0658177 0.0001276 0.0000010 0.0000000 0.0001276 0.0001276 0.0001276 0.0001276 0.0001914 0.0001276 0.0000638 0.0002552 0.0003828 0.0001914 0.0056879 0.0056858 0.0056199 0.0061424 0.0060767 0.0052935 0.0226865 0.0227536 0.0192982 0.0736380 0.0755609 0.0891806 0.0878319 0.0871729 0.0887267 0.0867022 0.0819073 0.0868061 0.0864289 
MK513620_1 0.0434954 0.0438290 0.0422805 0.0459980 0.0739944 0.0727208 0.0674452 0.0674269 0.0614424 0.0667937 0.0659248 0.0661834 0.0661969 0.0658345 0.0669802 0.0645613 0.0638467 0.0640620 0.0689169 0.0689187 0.0695935 0.0682460 0.0682079 0.0683171 0.0681566 0.0678150 0.0678150 0.0677390 0.0678144 0.0676466 0.0676466 0.0679775 0.0679754 0.0674797 0.0674604 0.0674625 0.0676474 0.0675205 0.0666496 0.0658740 0.0644689 0.0653753 0.0645060 0.0660006 0.0657701 0.0658177 0.0002552 0.0001276 0.0001276 0.0000000 0.0000010 0.0002552 0.0002552 0.0003190 0.0002552 0.0001914 0.0003828 0.0005104 0.0003190 0.0058188 0.0058166 0.0057506 0.0062734 0.0062077 0.0054241 0.0228273 0.0228945 0.0194368 0.0738093 0.0757341 0.0893624 0.0880135 0.0873536 0.0889084 0.0868824 0.0820845 0.0869864 0.0866092 
