78
MN822013_1 0.0000000 0.0040636 0.0026583 0.0201287 0.0432634 0.0426150 0.0368422 0.0364011 0.0308918 0.0367546 0.0360018 0.0362270 0.0363218 0.0362322 0.0371754 0.0346364 0.0337345 0.0339927 0.0387149 0.0387158 0.0383281 0.0369784 0.0369586 0.0369129 0.0367683 0.0364680 0.0364680 0.0363975 0.0364677 0.0363188 0.0363188 0.0366144 0.0366134 0.0361703 0.0361605 0.0361614 0.0364657 0.0363981 0.0351202 0.0341142 0.0350086 0.0356070 0.0348084 0.0364255 0.0362133 0.0359739 0.0434921 0.0433418 0.0433418 0.0434949 0.0434949 0.0433418 0.0433402 0.0435697 0.0434933 0.0434345 0.0434971 0.0434917 0.0432795 0.0404225 0.0400582 0.0399777 0.0398318 0.0396068 0.0400412 0.0349195 0.0349122 0.0370099 0.0420637 0.0456958 0.0609155 0.0618160 0.0603476 0.0611689 0.0583746 0.0534285 0.0577720 0.0566834 
MN145872_1 0.0040636 0.0000000 0.0025303 0.0191091 0.0432954 0.0426463 0.0374578 0.0365046 0.0311978 0.0367989 0.0361900 0.0364157 0.0365105 0.0362758 0.0373654 0.0347401 0.0339837 0.0342392 0.0389703 0.0389712 0.0385823 0.0372300 0.0372101 0.0371678 0.0370229 0.0367221 0.0367221 0.0366515 0.0367218 0.0365727 0.0365727 0.0368687 0.0368677 0.0364238 0.0364139 0.0364149 0.0367198 0.0366521 0.0352246 0.0346569 0.0353220 0.0359221 0.0351222 0.0367464 0.0365340 0.0362940 0.0438256 0.0436751 0.0436751 0.0438284 0.0438284 0.0436751 0.0436735 0.0439034 0.0438268 0.0437680 0.0438307 0.0438253 0.0436127 0.0407482 0.0403850 0.0403044 0.0401582 0.0399328 0.0403679 0.0350881 0.0350808 0.0370364 0.0422461 0.0460940 0.0614383 0.0622555 0.0608677 0.0615332 0.0587330 0.0537104 0.0579731 0.0571283 
JF727650_1 0.0026583 0.0025303 0.0000000 0.0184538 0.0420618 0.0414164 0.0359707 0.0352347 0.0297492 0.0356643 0.0349150 0.0351392 0.0352350 0.0351462 0.0360860 0.0335544 0.0324990 0.0329150 0.0377616 0.0377625 0.0373783 0.0360337 0.0360146 0.0358096 0.0356655 0.0353665 0.0353665 0.0352962 0.0353662 0.0352179 0.0352179 0.0355124 0.0355114 0.0350700 0.0350604 0.0350614 0.0353642 0.0352968 0.0341790 0.0330193 0.0339919 0.0344415 0.0336463 0.0350942 0.0348827 0.0346449 0.0422773 0.0421277 0.0421277 0.0422800 0.0422800 0.0421277 0.0421261 0.0423545 0.0422785 0.0422195 0.0422821 0.0422770 0.0420652 0.0392219 0.0388603 0.0387804 0.0386349 0.0384109 0.0388438 0.0335414 0.0335345 0.0357017 0.0407189 0.0445546 0.0600232 0.0609173 0.0594592 0.0601204 0.0573377 0.0523444 0.0567369 0.0557394 
HM562900_1 0.0201287 0.0191091 0.0184538 0.0000000 0.0454913 0.0448818 0.0424668 0.0370181 0.0330231 0.0419882 0.0412134 0.0412057 0.0406617 0.0412255 0.0415648 0.0394789 0.0401254 0.0390571 0.0423577 0.0427204 0.0436368 0.0421476 0.0417826 0.0415982 0.0419698 0.0414195 0.0414195 0.0414195 0.0414195 0.0414195 0.0414195 0.0415982 0.0414195 0.0412374 0.0412374 0.0410589 0.0415974 0.0414195 0.0401326 0.0380474 0.0351720 0.0357270 0.0351974 0.0360834 0.0361111 0.0360865 0.0459937 0.0458123 0.0458123 0.0459977 0.0459977 0.0458123 0.0458123 0.0459968 0.0458123 0.0458123 0.0458123 0.0458123 0.0458123 0.0423129 0.0426480 0.0419088 0.0419115 0.0417328 0.0419220 0.0372989 0.0374769 0.0394975 0.0350440 0.0431023 0.0542532 0.0543262 0.0532788 0.0531530 0.0523904 0.0500373 0.0521342 0.0509682 
MN630022_1 0.0432634 0.0432954 0.0420618 0.0454913 0.0000000 0.0025332 0.0375740 0.0344365 0.0287610 0.0468070 0.0460195 0.0461019 0.0461316 0.0462552 0.0468714 0.0446434 0.0445782 0.0444417 0.0500015 0.0501581 0.0494350 0.0482675 0.0483388 0.0483107 0.0481606 0.0478458 0.0478458 0.0477733 0.0478454 0.0476898 0.0476898 0.0479979 0.0479965 0.0475347 0.0475215 0.0475229 0.0478426 0.0477738 0.0467381 0.0460900 0.0462988 0.0467553 0.0459197 0.0473386 0.0471827 0.0470189 0.0741597 0.0739926 0.0739926 0.0739926 0.0739926 0.0739926 0.0739896 0.0742480 0.0741620 0.0741065 0.0741066 0.0738250 0.0739320 0.0710218 0.0705264 0.0703675 0.0702711 0.0700187 0.0705608 0.0642304 0.0643212 0.0673383 0.0622368 0.0673585 0.0868861 0.0877177 0.0859954 0.0865575 0.0847164 0.0790209 0.0837622 0.0835034 
KY969476_1 0.0426150 0.0426463 0.0414164 0.0448818 0.0025332 0.0000000 0.0368025 0.0336769 0.0280227 0.0458511 0.0450675 0.0451494 0.0451798 0.0453034 0.0457645 0.0435464 0.0433183 0.0434968 0.0488763 0.0490321 0.0483147 0.0471534 0.0472244 0.0471824 0.0470329 0.0467198 0.0467198 0.0466476 0.0467194 0.0465646 0.0465646 0.0468713 0.0468699 0.0464103 0.0463975 0.0463988 0.0467168 0.0466481 0.0457032 0.0451218 0.0454924 0.0460948 0.0451125 0.0466677 0.0465123 0.0463492 0.0728854 0.0727192 0.0727192 0.0727192 0.0727192 0.0727192 0.0727162 0.0729732 0.0728877 0.0728320 0.0728322 0.0725523 0.0726585 0.0699355 0.0696060 0.0694477 0.0693518 0.0691004 0.0696407 0.0638435 0.0639342 0.0666052 0.0614683 0.0666265 0.0858963 0.0867142 0.0850046 0.0855640 0.0835615 0.0778939 0.0826116 0.0822771 
JN635406_1 0.0368422 0.0374578 0.0359707 0.0424668 0.0375740 0.0368025 0.0000000 0.0307576 0.0250552 0.0417278 0.0409606 0.0411221 0.0409189 0.0411240 0.0417030 0.0393009 0.0390962 0.0389922 0.0432176 0.0433696 0.0428155 0.0415905 0.0414460 0.0414606 0.0411654 0.0410089 0.0410089 0.0409378 0.0410085 0.0408574 0.0408574 0.0411572 0.0411561 0.0407066 0.0406954 0.0406966 0.0410062 0.0407872 0.0398772 0.0394878 0.0393874 0.0409532 0.0399924 0.0416462 0.0414316 0.0413353 0.0676067 0.0674437 0.0674437 0.0674437 0.0674437 0.0674437 0.0674410 0.0676925 0.0676088 0.0675527 0.0675528 0.0672802 0.0673828 0.0649421 0.0645197 0.0644274 0.0642708 0.0640245 0.0642289 0.0591589 0.0592473 0.0615476 0.0554460 0.0610637 0.0814219 0.0824343 0.0805246 0.0814142 0.0793407 0.0736173 0.0782256 0.0765582 
GQ376027_1 0.0364011 0.0365046 0.0352347 0.0370181 0.0344365 0.0336769 0.0307576 0.0000000 0.0140784 0.0406198 0.0398562 0.0399358 0.0401756 0.0399371 0.0407411 0.0383265 0.0384930 0.0378145 0.0428388 0.0429905 0.0424381 0.0412152 0.0412856 0.0415979 0.0413000 0.0411461 0.0411461 0.0410750 0.0411457 0.0409945 0.0409945 0.0412944 0.0412933 0.0408437 0.0408326 0.0408337 0.0411434 0.0410755 0.0395725 0.0385568 0.0391647 0.0393440 0.0383883 0.0398525 0.0397015 0.0396947 0.0675886 0.0674255 0.0674255 0.0674255 0.0674255 0.0674255 0.0674228 0.0676744 0.0675907 0.0675346 0.0675347 0.0672619 0.0673646 0.0638443 0.0636582 0.0635663 0.0632490 0.0630034 0.0636948 0.0577044 0.0577924 0.0590286 0.0540605 0.0609671 0.0805273 0.0816561 0.0796713 0.0801424 0.0780531 0.0724557 0.0774231 0.0754916 
AB481088_1 0.0308918 0.0311978 0.0297492 0.0330231 0.0287610 0.0280227 0.0250552 0.0140784 0.0000000 0.0358479 0.0350999 0.0352564 0.0352753 0.0351888 0.0361242 0.0337418 0.0335624 0.0332461 0.0381883 0.0383373 0.0378041 0.0365250 0.0368047 0.0369017 0.0367574 0.0364577 0.0364577 0.0363874 0.0364574 0.0363088 0.0363088 0.0366038 0.0366028 0.0361606 0.0361508 0.0361518 0.0364554 0.0363880 0.0347498 0.0340312 0.0342818 0.0344581 0.0335184 0.0348912 0.0347430 0.0347369 0.0616015 0.0614413 0.0614413 0.0614413 0.0614413 0.0614413 0.0614389 0.0616854 0.0616034 0.0615464 0.0615466 0.0612806 0.0613799 0.0582810 0.0580684 0.0579791 0.0576668 0.0574257 0.0581071 0.0522056 0.0522914 0.0544750 0.0494757 0.0555732 0.0752945 0.0763009 0.0741369 0.0746706 0.0726477 0.0670055 0.0720314 0.0700214 
MK513626_1 0.0367546 0.0367989 0.0356643 0.0419882 0.0468070 0.0458511 0.0417278 0.0406198 0.0358479 0.0000000 0.0008843 0.0019639 0.0026011 0.0026640 0.0034934 0.0065306 0.0060096 0.0073765 0.0199561 0.0199577 0.0199328 0.0187561 0.0192273 0.0192628 0.0191269 0.0188495 0.0188495 0.0187824 0.0188494 0.0187112 0.0187112 0.0189865 0.0189860 0.0185733 0.0185684 0.0187058 0.0188484 0.0187829 0.0182085 0.0223639 0.0369351 0.0400900 0.0391300 0.0404718 0.0403204 0.0401622 0.0669550 0.0667922 0.0667922 0.0667922 0.0667922 0.0667922 0.0667896 0.0670405 0.0669570 0.0669008 0.0669637 0.0666290 0.0667313 0.0637814 0.0633519 0.0632602 0.0631040 0.0628587 0.0631652 0.0575548 0.0577266 0.0600812 0.0547546 0.0619512 0.0799854 0.0802823 0.0793741 0.0803300 0.0778657 0.0737611 0.0781542 0.0759859 
MK513624_1 0.0360018 0.0361900 0.0349150 0.0412134 0.0460195 0.0450675 0.0409606 0.0398562 0.0350999 0.0008843 0.0000000 0.0013280 0.0018360 0.0020260 0.0027257 0.0060089 0.0052235 0.0065923 0.0191255 0.0191270 0.0191031 0.0179315 0.0184012 0.0184265 0.0182911 0.0180148 0.0180148 0.0179478 0.0180146 0.0178771 0.0178771 0.0181513 0.0181508 0.0177396 0.0177350 0.0178718 0.0180137 0.0179483 0.0173831 0.0217917 0.0363280 0.0394723 0.0385149 0.0398453 0.0396944 0.0395367 0.0660856 0.0659233 0.0659233 0.0659233 0.0659233 0.0659233 0.0659207 0.0661708 0.0660876 0.0660313 0.0660942 0.0657606 0.0658624 0.0629285 0.0624957 0.0624045 0.0622488 0.0620043 0.0623099 0.0567317 0.0569028 0.0592477 0.0540912 0.0612669 0.0792434 0.0795369 0.0786360 0.0795888 0.0771325 0.0730406 0.0774200 0.0752572 
MH173047_1 0.0362270 0.0364157 0.0351392 0.0412057 0.0461019 0.0451494 0.0411221 0.0399358 0.0352564 0.0019639 0.0013280 0.0000000 0.0026639 0.0028543 0.0035562 0.0068523 0.0060730 0.0074391 0.0193347 0.0193362 0.0193121 0.0181391 0.0187445 0.0187740 0.0186385 0.0183617 0.0183617 0.0182947 0.0183615 0.0182238 0.0182238 0.0184984 0.0184979 0.0180861 0.0180813 0.0182184 0.0183606 0.0182952 0.0177261 0.0222078 0.0368446 0.0398501 0.0388913 0.0402283 0.0400772 0.0399192 0.0663443 0.0661819 0.0661819 0.0661819 0.0661819 0.0661819 0.0661793 0.0664296 0.0663463 0.0662900 0.0663529 0.0660190 0.0661209 0.0631825 0.0627507 0.0626593 0.0625035 0.0622587 0.0625646 0.0569771 0.0571484 0.0594961 0.0542734 0.0615180 0.0795134 0.0796336 0.0787318 0.0798585 0.0773996 0.0733036 0.0776875 0.0755229 
MH631016_1 0.0363218 0.0365105 0.0352350 0.0406617 0.0461316 0.0451798 0.0409189 0.0401756 0.0352753 0.0026011 0.0018360 0.0026639 0.0000000 0.0017065 0.0024046 0.0056827 0.0049000 0.0065200 0.0194664 0.0194679 0.0188774 0.0177082 0.0183120 0.0183649 0.0182294 0.0179531 0.0179531 0.0178861 0.0179530 0.0178154 0.0178154 0.0180896 0.0180892 0.0176779 0.0176733 0.0178102 0.0179520 0.0178866 0.0172950 0.0217932 0.0365029 0.0397951 0.0388376 0.0402377 0.0400865 0.0399285 0.0663578 0.0661954 0.0661954 0.0661954 0.0661954 0.0661954 0.0661928 0.0664432 0.0663599 0.0663036 0.0663665 0.0660325 0.0661344 0.0631951 0.0627632 0.0626718 0.0625160 0.0622711 0.0625771 0.0571360 0.0572236 0.0595691 0.0544336 0.0616801 0.0793258 0.0801801 0.0786381 0.0796642 0.0772098 0.0729340 0.0773308 0.0754151 
MF496201_1 0.0362322 0.0362758 0.0351462 0.0412255 0.0462552 0.0453034 0.0411240 0.0399371 0.0351888 0.0026640 0.0020260 0.0028543 0.0017065 0.0000000 0.0023401 0.0056162 0.0047678 0.0064527 0.0193897 0.0193913 0.0188013 0.0176330 0.0182364 0.0182194 0.0180841 0.0178081 0.0178081 0.0177412 0.0178079 0.0176705 0.0176705 0.0179444 0.0179440 0.0175332 0.0175286 0.0176653 0.0178070 0.0177417 0.0173558 0.0217840 0.0367065 0.0397026 0.0387459 0.0400682 0.0399172 0.0397594 0.0659952 0.0658330 0.0658330 0.0658330 0.0658330 0.0658330 0.0658304 0.0660804 0.0659972 0.0659409 0.0660038 0.0656704 0.0657721 0.0628400 0.0624070 0.0623158 0.0621602 0.0619158 0.0622213 0.0568741 0.0569616 0.0592328 0.0544778 0.0617308 0.0792773 0.0802056 0.0786643 0.0796157 0.0771630 0.0729132 0.0770499 0.0751252 
MK161348_1 0.0371754 0.0373654 0.0360860 0.0415648 0.0468714 0.0457645 0.0417030 0.0407411 0.0361242 0.0034934 0.0027257 0.0035562 0.0024046 0.0023401 0.0000000 0.0064549 0.0055484 0.0071649 0.0201374 0.0201390 0.0195458 0.0183738 0.0189785 0.0190406 0.0189050 0.0186280 0.0186280 0.0185610 0.0186279 0.0184900 0.0184900 0.0187648 0.0187643 0.0183523 0.0183475 0.0184846 0.0186269 0.0185615 0.0180983 0.0226172 0.0372100 0.0405085 0.0395493 0.0409619 0.0408104 0.0406519 0.0671414 0.0669787 0.0669787 0.0669787 0.0669787 0.0669787 0.0669761 0.0672270 0.0671435 0.0670873 0.0671502 0.0668155 0.0669178 0.0638747 0.0632852 0.0633542 0.0631982 0.0629530 0.0633522 0.0577280 0.0578158 0.0601659 0.0554097 0.0626027 0.0799107 0.0810126 0.0794616 0.0804159 0.0779555 0.0738575 0.0779049 0.0759187 
KY969480_1 0.0346364 0.0347401 0.0335544 0.0394789 0.0446434 0.0435464 0.0393009 0.0383265 0.0337418 0.0065306 0.0060089 0.0068523 0.0056827 0.0056162 0.0064549 0.0000000 0.0038611 0.0043992 0.0176317 0.0176331 0.0170626 0.0159116 0.0161102 0.0161795 0.0160450 0.0157711 0.0157711 0.0157045 0.0157709 0.0156345 0.0156345 0.0159066 0.0159062 0.0154982 0.0154941 0.0156300 0.0157701 0.0157049 0.0152263 0.0201296 0.0348935 0.0380124 0.0372050 0.0383017 0.0381516 0.0381426 0.0647216 0.0645600 0.0645600 0.0645600 0.0645600 0.0645600 0.0645574 0.0648064 0.0647235 0.0646670 0.0647299 0.0643979 0.0644988 0.0615065 0.0611478 0.0610572 0.0609019 0.0606584 0.0611269 0.0555077 0.0555948 0.0579087 0.0527250 0.0606438 0.0782236 0.0789841 0.0776057 0.0789018 0.0762781 0.0716362 0.0759934 0.0740123 
KT732231_1 0.0337345 0.0339837 0.0324990 0.0401254 0.0445782 0.0433183 0.0390962 0.0384930 0.0335624 0.0060096 0.0052235 0.0060730 0.0049000 0.0047678 0.0055484 0.0038611 0.0000000 0.0043188 0.0163765 0.0163778 0.0167873 0.0156244 0.0159605 0.0159591 0.0158248 0.0155515 0.0155515 0.0154850 0.0155513 0.0154152 0.0154152 0.0156867 0.0156863 0.0152791 0.0152751 0.0154107 0.0155505 0.0154854 0.0146611 0.0195731 0.0350844 0.0378681 0.0369053 0.0381743 0.0380244 0.0378681 0.0640065 0.0638454 0.0638454 0.0638454 0.0638454 0.0638454 0.0638429 0.0640910 0.0640085 0.0639519 0.0640148 0.0636838 0.0637843 0.0606271 0.0606044 0.0605141 0.0603592 0.0601164 0.0605837 0.0548496 0.0550212 0.0575188 0.0521224 0.0604657 0.0775903 0.0778704 0.0769874 0.0780331 0.0753889 0.0709205 0.0751528 0.0733949 
JN635404_1 0.0339927 0.0342392 0.0329150 0.0390571 0.0444417 0.0434968 0.0389922 0.0378145 0.0332461 0.0073765 0.0065923 0.0074391 0.0065200 0.0064527 0.0071649 0.0043992 0.0043188 0.0000000 0.0169463 0.0169477 0.0165037 0.0152131 0.0155445 0.0156269 0.0154927 0.0152196 0.0152196 0.0151531 0.0152194 0.0150834 0.0150834 0.0153547 0.0153544 0.0149474 0.0149435 0.0150790 0.0152187 0.0151535 0.0146628 0.0195647 0.0348208 0.0376430 0.0366932 0.0381262 0.0379763 0.0378199 0.0642220 0.0640607 0.0640607 0.0640607 0.0640607 0.0640607 0.0640582 0.0643067 0.0642240 0.0641675 0.0642303 0.0638989 0.0639996 0.0611791 0.0608190 0.0607286 0.0605735 0.0603303 0.0606346 0.0550264 0.0551132 0.0575077 0.0521364 0.0601349 0.0783959 0.0793188 0.0777868 0.0789086 0.0761185 0.0713086 0.0757312 0.0734156 
MK142916_1 0.0387149 0.0389703 0.0377616 0.0423577 0.0500015 0.0488763 0.0432176 0.0428388 0.0381883 0.0199561 0.0191255 0.0193347 0.0194664 0.0193897 0.0201374 0.0176317 0.0163765 0.0169463 0.0000000 0.0006303 0.0021547 0.0015828 0.0084842 0.0077219 0.0073897 0.0071262 0.0071262 0.0070612 0.0071262 0.0069947 0.0069947 0.0072573 0.0072572 0.0068632 0.0068615 0.0069927 0.0071258 0.0070614 0.0080546 0.0228391 0.0398601 0.0426722 0.0417015 0.0420431 0.0418283 0.0415823 0.0690791 0.0689154 0.0689154 0.0689154 0.0689154 0.0689154 0.0690812 0.0691653 0.0690812 0.0690253 0.0692569 0.0689196 0.0688546 0.0659614 0.0654553 0.0653626 0.0650395 0.0649587 0.0652669 0.0604615 0.0607195 0.0639852 0.0560599 0.0657714 0.0832946 0.0839740 0.0827495 0.0837183 0.0810453 0.0759273 0.0806460 0.0774387 
MK142914_1 0.0387158 0.0389712 0.0377625 0.0427204 0.0501581 0.0490321 0.0433696 0.0429905 0.0383373 0.0199577 0.0191270 0.0193362 0.0194679 0.0193913 0.0201390 0.0176331 0.0163778 0.0169477 0.0006303 0.0000000 0.0021549 0.0015829 0.0084848 0.0077225 0.0073903 0.0071267 0.0071267 0.0070617 0.0071267 0.0069952 0.0069952 0.0072579 0.0072577 0.0068638 0.0068620 0.0069932 0.0071263 0.0070619 0.0080553 0.0228409 0.0400101 0.0426760 0.0417051 0.0420469 0.0418320 0.0415859 0.0690809 0.0689172 0.0689172 0.0689172 0.0689172 0.0689172 0.0690830 0.0691671 0.0690830 0.0690271 0.0692588 0.0689215 0.0688564 0.0659631 0.0654570 0.0653643 0.0650412 0.0649604 0.0652686 0.0604631 0.0607211 0.0639868 0.0561282 0.0655407 0.0834732 0.0841537 0.0829274 0.0838969 0.0812221 0.0761008 0.0808226 0.0776136 
KU728743_1 0.0383281 0.0385823 0.0373783 0.0436368 0.0494350 0.0483147 0.0428155 0.0424381 0.0378041 0.0199328 0.0191031 0.0193121 0.0188774 0.0188013 0.0195458 0.0170626 0.0167873 0.0165037 0.0021547 0.0021549 0.0000000 0.0011994 0.0080745 0.0082503 0.0079183 0.0076541 0.0076541 0.0075889 0.0076540 0.0075222 0.0075222 0.0077855 0.0077853 0.0073895 0.0073876 0.0075190 0.0076536 0.0075892 0.0076451 0.0234022 0.0391760 0.0419720 0.0410068 0.0425009 0.0422858 0.0420392 0.0697560 0.0695920 0.0695920 0.0695920 0.0695920 0.0695920 0.0697582 0.0698425 0.0697582 0.0697024 0.0699345 0.0695963 0.0695313 0.0666268 0.0661231 0.0660301 0.0657063 0.0656253 0.0659341 0.0600054 0.0600942 0.0633445 0.0567654 0.0651208 0.0825255 0.0836475 0.0819522 0.0829163 0.0804301 0.0753331 0.0799636 0.0768370 
KJ410048_1 0.0369784 0.0372300 0.0360337 0.0421476 0.0482675 0.0471534 0.0415905 0.0412152 0.0365250 0.0187561 0.0179315 0.0181391 0.0177082 0.0176330 0.0183738 0.0159116 0.0156244 0.0152131 0.0015828 0.0015829 0.0011994 0.0000000 0.0068335 0.0069958 0.0066660 0.0064033 0.0064033 0.0063384 0.0064033 0.0062722 0.0062722 0.0065341 0.0065339 0.0061412 0.0061396 0.0062704 0.0064029 0.0063386 0.0064025 0.0220656 0.0380373 0.0406693 0.0397094 0.0412045 0.0409901 0.0407452 0.0684079 0.0682445 0.0682445 0.0682445 0.0682445 0.0682445 0.0684100 0.0684938 0.0684100 0.0683540 0.0685852 0.0682487 0.0681837 0.0653015 0.0647930 0.0647006 0.0643782 0.0642976 0.0646052 0.0586869 0.0587750 0.0620056 0.0555596 0.0636764 0.0816009 0.0827155 0.0809760 0.0819358 0.0792881 0.0742166 0.0788919 0.0758817 
MG912592_1 0.0369586 0.0372101 0.0360146 0.0417826 0.0483388 0.0472244 0.0414460 0.0412856 0.0368047 0.0192273 0.0184012 0.0187445 0.0183120 0.0182364 0.0189785 0.0161102 0.0159605 0.0155445 0.0084842 0.0084848 0.0080745 0.0068335 0.0000000 0.0012155 0.0008948 0.0006382 0.0006382 0.0006382 0.0006382 0.0005105 0.0005105 0.0007659 0.0007659 0.0007671 0.0007659 0.0008949 0.0010233 0.0009594 0.0065317 0.0222730 0.0379332 0.0407992 0.0398392 0.0413358 0.0411214 0.0408765 0.0683697 0.0682064 0.0682064 0.0682064 0.0682064 0.0682064 0.0682037 0.0684556 0.0683718 0.0683158 0.0683787 0.0680427 0.0681457 0.0653595 0.0648508 0.0647585 0.0644361 0.0643556 0.0646631 0.0586206 0.0586115 0.0618580 0.0556448 0.0636595 0.0809508 0.0818897 0.0801624 0.0814662 0.0784816 0.0734306 0.0780868 0.0754231 
KT732261_1 0.0369129 0.0371678 0.0358096 0.0415982 0.0483107 0.0471824 0.0414606 0.0415979 0.0369017 0.0192628 0.0184265 0.0187740 0.0183649 0.0182194 0.0190406 0.0161795 0.0159591 0.0156269 0.0077219 0.0077225 0.0082503 0.0069958 0.0012155 0.0000000 0.0010873 0.0008310 0.0008310 0.0008310 0.0008309 0.0007019 0.0007019 0.0009590 0.0009590 0.0009595 0.0009592 0.0010874 0.0012159 0.0011520 0.0065588 0.0223661 0.0375271 0.0409587 0.0399848 0.0414255 0.0412110 0.0409659 0.0684791 0.0683157 0.0683157 0.0683157 0.0683157 0.0683157 0.0683130 0.0685650 0.0684812 0.0684252 0.0684881 0.0681518 0.0682549 0.0649819 0.0649575 0.0648651 0.0645425 0.0644619 0.0647696 0.0583773 0.0585517 0.0618975 0.0557414 0.0640005 0.0804254 0.0807170 0.0796482 0.0810548 0.0778616 0.0728463 0.0775555 0.0749399 
KT732259_1 0.0367683 0.0370229 0.0356655 0.0419698 0.0481606 0.0470329 0.0411654 0.0413000 0.0367574 0.0191269 0.0182911 0.0186385 0.0182294 0.0180841 0.0189050 0.0160450 0.0158248 0.0154927 0.0073897 0.0073903 0.0079183 0.0066660 0.0008948 0.0010873 0.0000000 0.0005104 0.0005104 0.0005105 0.0005104 0.0003828 0.0003828 0.0006381 0.0006381 0.0006381 0.0006381 0.0007669 0.0008952 0.0008313 0.0063599 0.0222286 0.0375316 0.0408121 0.0398387 0.0412787 0.0410643 0.0408193 0.0683185 0.0681552 0.0681552 0.0681552 0.0681552 0.0681552 0.0681525 0.0684044 0.0683206 0.0682646 0.0683275 0.0679914 0.0680944 0.0648231 0.0647988 0.0647064 0.0643840 0.0643034 0.0646110 0.0582224 0.0583966 0.0615809 0.0555256 0.0641691 0.0806526 0.0809453 0.0798745 0.0812828 0.0780855 0.0730638 0.0777791 0.0751605 
KT732257_1 0.0364680 0.0367221 0.0353665 0.0414195 0.0478458 0.0467198 0.0410089 0.0411461 0.0364577 0.0188495 0.0180148 0.0183617 0.0179531 0.0178081 0.0186280 0.0157711 0.0155515 0.0152196 0.0071262 0.0071267 0.0076541 0.0064033 0.0006382 0.0008310 0.0005104 0.0000000 0.0000010 0.0000010 0.0001276 0.0001276 0.0001276 0.0002552 0.0002552 0.0003828 0.0003828 0.0005104 0.0006381 0.0005743 0.0060966 0.0219469 0.0373779 0.0405068 0.0395346 0.0409727 0.0407585 0.0405139 0.0679767 0.0678136 0.0678136 0.0678136 0.0678136 0.0678136 0.0678109 0.0680625 0.0679788 0.0679228 0.0679857 0.0676500 0.0677528 0.0644860 0.0644618 0.0643696 0.0640476 0.0639671 0.0642743 0.0578951 0.0580691 0.0614081 0.0552647 0.0638325 0.0802935 0.0805847 0.0795164 0.0809227 0.0777300 0.0727151 0.0774239 0.0748082 
KT732249_1 0.0364680 0.0367221 0.0353665 0.0414195 0.0478458 0.0467198 0.0410089 0.0411461 0.0364577 0.0188495 0.0180148 0.0183617 0.0179531 0.0178081 0.0186280 0.0157711 0.0155515 0.0152196 0.0071262 0.0071267 0.0076541 0.0064033 0.0006382 0.0008310 0.0005104 0.0000010 0.0000000 0.0000010 0.0001276 0.0001276 0.0001276 0.0002552 0.0002552 0.0003828 0.0003828 0.0005104 0.0006381 0.0005743 0.0060966 0.0219469 0.0373779 0.0405068 0.0395346 0.0409727 0.0407585 0.0405139 0.0679767 0.0678136 0.0678136 0.0678136 0.0678136 0.0678136 0.0678109 0.0680625 0.0679788 0.0679228 0.0679857 0.0676500 0.0677528 0.0644860 0.0644618 0.0643696 0.0640476 0.0639671 0.0642743 0.0578951 0.0580691 0.0614081 0.0552647 0.0638325 0.0802935 0.0805847 0.0795164 0.0809227 0.0777300 0.0727151 0.0774239 0.0748082 
KT732251_1 0.0363975 0.0366515 0.0352962 0.0414195 0.0477733 0.0466476 0.0409378 0.0410750 0.0363874 0.0187824 0.0179478 0.0182947 0.0178861 0.0177412 0.0185610 0.0157045 0.0154850 0.0151531 0.0070612 0.0070617 0.0075889 0.0063384 0.0006382 0.0008310 0.0005105 0.0000010 0.0000010 0.0000000 0.0001276 0.0001276 0.0001276 0.0002552 0.0002552 0.0003828 0.0003828 0.0005105 0.0006381 0.0005743 0.0060316 0.0218792 0.0373075 0.0404356 0.0394635 0.0409014 0.0406872 0.0404427 0.0679007 0.0677376 0.0677376 0.0677376 0.0677376 0.0677376 0.0677349 0.0679865 0.0679028 0.0678467 0.0679096 0.0675740 0.0676768 0.0644106 0.0643864 0.0642942 0.0639723 0.0638917 0.0641990 0.0578210 0.0579950 0.0613334 0.0551912 0.0637571 0.0802152 0.0805061 0.0794382 0.0808444 0.0776522 0.0726382 0.0773461 0.0747308 
KT732247_1 0.0364677 0.0367218 0.0353662 0.0414195 0.0478454 0.0467194 0.0410085 0.0411457 0.0364574 0.0188494 0.0180146 0.0183615 0.0179530 0.0178079 0.0186279 0.0157709 0.0155513 0.0152194 0.0071262 0.0071267 0.0076540 0.0064033 0.0006382 0.0008309 0.0005104 0.0001276 0.0001276 0.0001276 0.0000000 0.0001276 0.0001276 0.0002552 0.0002552 0.0003828 0.0003828 0.0005104 0.0006381 0.0005743 0.0060966 0.0219468 0.0373776 0.0405064 0.0395342 0.0409723 0.0407581 0.0405136 0.0679761 0.0678130 0.0678130 0.0678130 0.0678130 0.0678130 0.0678103 0.0680619 0.0679782 0.0679222 0.0679851 0.0676494 0.0677522 0.0644854 0.0644612 0.0643691 0.0640470 0.0639665 0.0642738 0.0578946 0.0580686 0.0614076 0.0552642 0.0638319 0.0802927 0.0805839 0.0795156 0.0809220 0.0777293 0.0727145 0.0774232 0.0748076 
KT732239_1 0.0363188 0.0365727 0.0352179 0.0414195 0.0476898 0.0465646 0.0408574 0.0409945 0.0363088 0.0187112 0.0178771 0.0182238 0.0178154 0.0176705 0.0184900 0.0156345 0.0154152 0.0150834 0.0069947 0.0069952 0.0075222 0.0062722 0.0005105 0.0007019 0.0003828 0.0001276 0.0001276 0.0001276 0.0001276 0.0000000 0.0000010 0.0002552 0.0002552 0.0002552 0.0002552 0.0003828 0.0005104 0.0004466 0.0059652 0.0218067 0.0372287 0.0403552 0.0393836 0.0408208 0.0406067 0.0403623 0.0678082 0.0676452 0.0676452 0.0676452 0.0676452 0.0676452 0.0676425 0.0678940 0.0678103 0.0677543 0.0678171 0.0674817 0.0675844 0.0643196 0.0642955 0.0642034 0.0638816 0.0638011 0.0641082 0.0577333 0.0579071 0.0612440 0.0551047 0.0636663 0.0801171 0.0804075 0.0793404 0.0807459 0.0775552 0.0725435 0.0772492 0.0746349 
KT732235_1 0.0363188 0.0365727 0.0352179 0.0414195 0.0476898 0.0465646 0.0408574 0.0409945 0.0363088 0.0187112 0.0178771 0.0182238 0.0178154 0.0176705 0.0184900 0.0156345 0.0154152 0.0150834 0.0069947 0.0069952 0.0075222 0.0062722 0.0005105 0.0007019 0.0003828 0.0001276 0.0001276 0.0001276 0.0001276 0.0000010 0.0000000 0.0002552 0.0002552 0.0002552 0.0002552 0.0003828 0.0005104 0.0004466 0.0059652 0.0218067 0.0372287 0.0403552 0.0393836 0.0408208 0.0406067 0.0403623 0.0678082 0.0676452 0.0676452 0.0676452 0.0676452 0.0676452 0.0676425 0.0678940 0.0678103 0.0677543 0.0678171 0.0674817 0.0675844 0.0643196 0.0642955 0.0642034 0.0638816 0.0638011 0.0641082 0.0577333 0.0579071 0.0612440 0.0551047 0.0636663 0.0801171 0.0804075 0.0793404 0.0807459 0.0775552 0.0725435 0.0772492 0.0746349 
KT732255_1 0.0366144 0.0368687 0.0355124 0.0415982 0.0479979 0.0468713 0.0411572 0.0412944 0.0366038 0.0189865 0.0181513 0.0184984 0.0180896 0.0179444 0.0187648 0.0159066 0.0156867 0.0153547 0.0072573 0.0072579 0.0077855 0.0065341 0.0007659 0.0009590 0.0006381 0.0002552 0.0002552 0.0002552 0.0002552 0.0002552 0.0002552 0.0000000 0.0003828 0.0005104 0.0005104 0.0006381 0.0007670 0.0007031 0.0062277 0.0220857 0.0373776 0.0406552 0.0396825 0.0411213 0.0409071 0.0406623 0.0681393 0.0679761 0.0679761 0.0679761 0.0679761 0.0679761 0.0679734 0.0682251 0.0681414 0.0680854 0.0681483 0.0678124 0.0679153 0.0646468 0.0646225 0.0645303 0.0642081 0.0641276 0.0644349 0.0580520 0.0582261 0.0615671 0.0554201 0.0639932 0.0804626 0.0806692 0.0796851 0.0810922 0.0778977 0.0728803 0.0775915 0.0749749 
KT732245_1 0.0366134 0.0368677 0.0355114 0.0414195 0.0479965 0.0468699 0.0411561 0.0412933 0.0366028 0.0189860 0.0181508 0.0184979 0.0180892 0.0179440 0.0187643 0.0159062 0.0156863 0.0153544 0.0072572 0.0072577 0.0077853 0.0065339 0.0007659 0.0009590 0.0006381 0.0002552 0.0002552 0.0002552 0.0002552 0.0002552 0.0002552 0.0003828 0.0000000 0.0005104 0.0005104 0.0006381 0.0007670 0.0007031 0.0062276 0.0220851 0.0375233 0.0406541 0.0396814 0.0411202 0.0409059 0.0406612 0.0681372 0.0679740 0.0679740 0.0679740 0.0679740 0.0679740 0.0679713 0.0682230 0.0681393 0.0680833 0.0681461 0.0678103 0.0679132 0.0646448 0.0646206 0.0645283 0.0642062 0.0641256 0.0644330 0.0580503 0.0582244 0.0615652 0.0554184 0.0638300 0.0802901 0.0805813 0.0795131 0.0809194 0.0777268 0.0727122 0.0774207 0.0748052 
KT732253_1 0.0361703 0.0364238 0.0350700 0.0412374 0.0475347 0.0464103 0.0407066 0.0408437 0.0361606 0.0185733 0.0177396 0.0180861 0.0176779 0.0175332 0.0183523 0.0154982 0.0152791 0.0149474 0.0068632 0.0068638 0.0073895 0.0061412 0.0007671 0.0009595 0.0006381 0.0003828 0.0003828 0.0003828 0.0003828 0.0002552 0.0002552 0.0005104 0.0005104 0.0000000 0.0001276 0.0002552 0.0002552 0.0003190 0.0058339 0.0216667 0.0371668 0.0402044 0.0392333 0.0406696 0.0404556 0.0402114 0.0676412 0.0674783 0.0674783 0.0674783 0.0674783 0.0674783 0.0674756 0.0677269 0.0676433 0.0675872 0.0676501 0.0673148 0.0674175 0.0641547 0.0641306 0.0640386 0.0637169 0.0636364 0.0639434 0.0575727 0.0577464 0.0610810 0.0549458 0.0635015 0.0801605 0.0804513 0.0793834 0.0807898 0.0775971 0.0725824 0.0772910 0.0746752 
KT732233_1 0.0361605 0.0364139 0.0350604 0.0412374 0.0475215 0.0463975 0.0406954 0.0408326 0.0361508 0.0185684 0.0177350 0.0180813 0.0176733 0.0175286 0.0183475 0.0154941 0.0152751 0.0149435 0.0068615 0.0068620 0.0073876 0.0061396 0.0007659 0.0009592 0.0006381 0.0003828 0.0003828 0.0003828 0.0003828 0.0002552 0.0002552 0.0005104 0.0005104 0.0001276 0.0000000 0.0002552 0.0003828 0.0003190 0.0058325 0.0216610 0.0371567 0.0401934 0.0392225 0.0406585 0.0404445 0.0402004 0.0676219 0.0674590 0.0674590 0.0674590 0.0674590 0.0674590 0.0674563 0.0677075 0.0676240 0.0675679 0.0676307 0.0672956 0.0673982 0.0641364 0.0641123 0.0640204 0.0636988 0.0636184 0.0639252 0.0575565 0.0577302 0.0610638 0.0549305 0.0634834 0.0801371 0.0804277 0.0793603 0.0807661 0.0775746 0.0725615 0.0772685 0.0746535 
KT732237_1 0.0361614 0.0364149 0.0350614 0.0410589 0.0475229 0.0463988 0.0406966 0.0408337 0.0361518 0.0187058 0.0178718 0.0182184 0.0178102 0.0176653 0.0184846 0.0156300 0.0154107 0.0150790 0.0069927 0.0069932 0.0075190 0.0062704 0.0008949 0.0010874 0.0007669 0.0005104 0.0005104 0.0005105 0.0005104 0.0003828 0.0003828 0.0006381 0.0006381 0.0002552 0.0002552 0.0000000 0.0005104 0.0004466 0.0059635 0.0218003 0.0371577 0.0401945 0.0392236 0.0406596 0.0404457 0.0402015 0.0676240 0.0674611 0.0674611 0.0674611 0.0674611 0.0674611 0.0674584 0.0677096 0.0676260 0.0675700 0.0676328 0.0672977 0.0674003 0.0641384 0.0641143 0.0640223 0.0637007 0.0636203 0.0639272 0.0575582 0.0577319 0.0610656 0.0549321 0.0634854 0.0801397 0.0804303 0.0793628 0.0807688 0.0775770 0.0725638 0.0772710 0.0746559 
KT732243_1 0.0364657 0.0367198 0.0353642 0.0415974 0.0478426 0.0467168 0.0410062 0.0411434 0.0364554 0.0188484 0.0180137 0.0183606 0.0179520 0.0178070 0.0186269 0.0157701 0.0155505 0.0152187 0.0071258 0.0071263 0.0076536 0.0064029 0.0010233 0.0012159 0.0008952 0.0006381 0.0006381 0.0006381 0.0006381 0.0005104 0.0005104 0.0007670 0.0007670 0.0002552 0.0003828 0.0005104 0.0000000 0.0005743 0.0060963 0.0219456 0.0374625 0.0405042 0.0395320 0.0409700 0.0407559 0.0405113 0.0678090 0.0676460 0.0676460 0.0676460 0.0676460 0.0676460 0.0676433 0.0678947 0.0678111 0.0677550 0.0678179 0.0674825 0.0675852 0.0643203 0.0642962 0.0642041 0.0638823 0.0638018 0.0641089 0.0577339 0.0579077 0.0612446 0.0552610 0.0638281 0.0805062 0.0807984 0.0797283 0.0811363 0.0779399 0.0729195 0.0776335 0.0750153 
KT732241_1 0.0363981 0.0366521 0.0352968 0.0414195 0.0477738 0.0466481 0.0407872 0.0410755 0.0363880 0.0187829 0.0179483 0.0182952 0.0178866 0.0177417 0.0185615 0.0157049 0.0154854 0.0151535 0.0070614 0.0070619 0.0075892 0.0063386 0.0009594 0.0011520 0.0008313 0.0005743 0.0005743 0.0005743 0.0005743 0.0004466 0.0004466 0.0007031 0.0007031 0.0003190 0.0003190 0.0004466 0.0005743 0.0000000 0.0060318 0.0218797 0.0373950 0.0404362 0.0394641 0.0409020 0.0406878 0.0404433 0.0676820 0.0675191 0.0675191 0.0675191 0.0675191 0.0675191 0.0675164 0.0677676 0.0676841 0.0676280 0.0676908 0.0673557 0.0674583 0.0641966 0.0641726 0.0640806 0.0637590 0.0636786 0.0639854 0.0576168 0.0577905 0.0611240 0.0551916 0.0637573 0.0802575 0.0805486 0.0794801 0.0808870 0.0776930 0.0726763 0.0773868 0.0747701 
KJ018971_2 0.0351202 0.0352246 0.0341790 0.0401326 0.0467381 0.0457032 0.0398772 0.0395725 0.0347498 0.0182085 0.0173831 0.0177261 0.0172950 0.0173558 0.0180983 0.0152263 0.0146611 0.0146628 0.0080546 0.0080553 0.0076451 0.0064025 0.0065317 0.0065588 0.0063599 0.0060966 0.0060966 0.0060316 0.0060966 0.0059652 0.0059652 0.0062277 0.0062276 0.0058339 0.0058325 0.0059635 0.0060963 0.0060318 0.0000000 0.0210258 0.0364879 0.0394851 0.0385990 0.0400044 0.0397899 0.0395456 0.0666482 0.0666482 0.0666482 0.0666482 0.0666482 0.0666482 0.0666456 0.0668970 0.0668133 0.0667570 0.0668200 0.0664847 0.0665871 0.0638827 0.0633693 0.0632774 0.0629554 0.0628749 0.0631822 0.0568365 0.0569242 0.0600638 0.0534616 0.0619846 0.0795305 0.0803790 0.0786604 0.0797049 0.0769133 0.0722203 0.0767581 0.0741983 
KC117298_1 0.0341142 0.0346569 0.0330193 0.0380474 0.0460900 0.0451218 0.0394878 0.0385568 0.0340312 0.0223639 0.0217917 0.0222078 0.0217932 0.0217840 0.0226172 0.0201296 0.0195731 0.0195647 0.0228391 0.0228409 0.0234022 0.0220656 0.0222730 0.0223661 0.0222286 0.0219469 0.0219469 0.0218792 0.0219468 0.0218067 0.0218067 0.0220857 0.0220851 0.0216667 0.0216610 0.0218003 0.0219456 0.0218797 0.0210258 0.0000000 0.0358328 0.0379331 0.0372652 0.0385164 0.0383031 0.0382089 0.0660355 0.0658727 0.0658727 0.0658727 0.0658727 0.0658727 0.0658701 0.0661210 0.0660375 0.0659810 0.0660441 0.0657094 0.0658115 0.0625382 0.0623493 0.0620927 0.0619366 0.0618563 0.0621586 0.0556142 0.0557867 0.0590393 0.0531431 0.0604990 0.0789030 0.0791648 0.0781958 0.0797015 0.0771083 0.0715875 0.0762092 0.0742727 
JN635410_1 0.0350086 0.0353220 0.0339919 0.0351720 0.0462988 0.0454924 0.0393874 0.0391647 0.0342818 0.0369351 0.0363280 0.0368446 0.0365029 0.0367065 0.0372100 0.0348935 0.0350844 0.0348208 0.0398601 0.0400101 0.0391760 0.0380373 0.0379332 0.0375271 0.0375316 0.0373779 0.0373779 0.0373075 0.0373776 0.0372287 0.0372287 0.0373776 0.0375233 0.0371668 0.0371567 0.0371577 0.0374625 0.0373950 0.0364879 0.0358328 0.0000000 0.0375736 0.0368364 0.0381281 0.0379781 0.0378217 0.0646292 0.0644677 0.0644677 0.0644677 0.0644677 0.0644677 0.0644651 0.0645479 0.0644651 0.0645747 0.0644715 0.0643012 0.0644066 0.0618158 0.0613852 0.0614543 0.0611392 0.0608955 0.0609643 0.0555769 0.0556639 0.0583648 0.0527422 0.0604221 0.0801389 0.0807509 0.0792244 0.0797631 0.0777124 0.0724004 0.0766123 0.0754878 
MF449469_1 0.0356070 0.0359221 0.0344415 0.0357270 0.0467553 0.0460948 0.0409532 0.0393440 0.0344581 0.0400900 0.0394723 0.0398501 0.0397951 0.0397026 0.0405085 0.0380124 0.0378681 0.0376430 0.0426722 0.0426760 0.0419720 0.0406693 0.0407992 0.0409587 0.0408121 0.0405068 0.0405068 0.0404356 0.0405064 0.0403552 0.0403552 0.0406552 0.0406541 0.0402044 0.0401934 0.0401945 0.0405042 0.0404362 0.0394851 0.0379331 0.0375736 0.0000000 0.0011350 0.0012151 0.0008951 0.0007019 0.0655363 0.0653740 0.0653740 0.0653740 0.0653740 0.0653740 0.0653714 0.0656216 0.0655384 0.0654818 0.0655449 0.0652111 0.0653128 0.0625700 0.0622830 0.0621916 0.0618751 0.0616302 0.0622575 0.0561917 0.0561792 0.0589180 0.0540336 0.0513599 0.0798128 0.0809427 0.0791319 0.0796718 0.0772091 0.0721561 0.0756623 0.0748854 
JN635402_1 0.0348084 0.0351222 0.0336463 0.0351974 0.0459197 0.0451125 0.0399924 0.0383883 0.0335184 0.0391300 0.0385149 0.0388913 0.0388376 0.0387459 0.0395493 0.0372050 0.0369053 0.0366932 0.0417015 0.0417051 0.0410068 0.0397094 0.0398392 0.0399848 0.0398387 0.0395346 0.0395346 0.0394635 0.0395342 0.0393836 0.0393836 0.0396825 0.0396814 0.0392333 0.0392225 0.0392236 0.0395320 0.0394641 0.0385990 0.0372652 0.0368364 0.0011350 0.0000000 0.0019202 0.0015997 0.0014065 0.0646668 0.0645048 0.0645048 0.0645048 0.0645048 0.0645048 0.0645022 0.0647518 0.0646688 0.0646121 0.0646752 0.0643423 0.0644435 0.0617129 0.0614221 0.0613311 0.0610152 0.0607709 0.0613968 0.0554210 0.0554087 0.0579831 0.0531763 0.0505133 0.0789398 0.0800629 0.0782631 0.0788012 0.0763462 0.0713083 0.0748033 0.0741940 
KT732229_1 0.0364255 0.0367464 0.0350942 0.0360834 0.0473386 0.0466677 0.0416462 0.0398525 0.0348912 0.0404718 0.0398453 0.0402283 0.0402377 0.0400682 0.0409619 0.0383017 0.0381743 0.0381262 0.0420431 0.0420469 0.0425009 0.0412045 0.0413358 0.0414255 0.0412787 0.0409727 0.0409727 0.0409014 0.0409723 0.0408208 0.0408208 0.0411213 0.0411202 0.0406696 0.0406585 0.0406596 0.0409700 0.0409020 0.0400044 0.0385164 0.0381281 0.0012151 0.0019202 0.0000000 0.0005102 0.0010224 0.0661621 0.0659993 0.0659993 0.0659993 0.0659993 0.0659993 0.0659967 0.0662475 0.0661641 0.0661076 0.0661707 0.0658360 0.0659381 0.0629233 0.0628996 0.0628079 0.0624906 0.0622451 0.0628738 0.0567142 0.0567861 0.0596434 0.0546833 0.0529560 0.0805848 0.0810749 0.0799103 0.0805471 0.0780444 0.0728350 0.0765665 0.0758568 
KT732227_1 0.0362133 0.0365340 0.0348827 0.0361111 0.0471827 0.0465123 0.0414316 0.0397015 0.0347430 0.0403204 0.0396944 0.0400772 0.0400865 0.0399172 0.0408104 0.0381516 0.0380244 0.0379763 0.0418283 0.0418320 0.0422858 0.0409901 0.0411214 0.0412110 0.0410643 0.0407585 0.0407585 0.0406872 0.0407581 0.0406067 0.0406067 0.0409071 0.0409059 0.0404556 0.0404445 0.0404457 0.0407559 0.0406878 0.0397899 0.0383031 0.0379781 0.0008951 0.0015997 0.0005102 0.0000000 0.0007655 0.0659315 0.0657688 0.0657688 0.0657688 0.0657688 0.0657688 0.0657662 0.0660169 0.0659335 0.0658770 0.0659401 0.0656057 0.0657076 0.0626948 0.0626712 0.0625796 0.0622624 0.0620171 0.0626455 0.0564901 0.0565620 0.0594172 0.0544609 0.0527335 0.0803446 0.0808336 0.0796704 0.0803067 0.0778058 0.0725997 0.0763287 0.0756195 
KT732225_1 0.0359739 0.0362940 0.0346449 0.0360865 0.0470189 0.0463492 0.0413353 0.0396947 0.0347369 0.0401622 0.0395367 0.0399192 0.0399285 0.0397594 0.0406519 0.0381426 0.0378681 0.0378199 0.0415823 0.0415859 0.0420392 0.0407452 0.0408765 0.0409659 0.0408193 0.0405139 0.0405139 0.0404427 0.0405136 0.0403623 0.0403623 0.0406623 0.0406612 0.0402114 0.0402004 0.0402015 0.0405113 0.0404433 0.0395456 0.0382089 0.0378217 0.0007019 0.0014065 0.0010224 0.0007655 0.0000000 0.0659790 0.0658164 0.0658164 0.0658164 0.0658164 0.0658164 0.0658138 0.0660645 0.0659811 0.0659246 0.0659877 0.0656533 0.0657552 0.0627430 0.0627194 0.0626278 0.0623108 0.0620654 0.0626937 0.0565396 0.0566115 0.0594661 0.0541953 0.0523166 0.0802188 0.0807070 0.0795451 0.0801809 0.0776818 0.0726460 0.0762057 0.0752542 
MK513622_1 0.0434921 0.0438256 0.0422773 0.0459937 0.0741597 0.0728854 0.0676067 0.0675886 0.0616015 0.0669550 0.0660856 0.0663443 0.0663578 0.0659952 0.0671414 0.0647216 0.0640065 0.0642220 0.0690791 0.0690809 0.0697560 0.0684079 0.0683697 0.0684791 0.0683185 0.0679767 0.0679767 0.0679007 0.0679761 0.0678082 0.0678082 0.0681393 0.0681372 0.0676412 0.0676219 0.0676240 0.0678090 0.0676820 0.0666482 0.0660355 0.0646292 0.0655363 0.0646668 0.0661621 0.0659315 0.0659790 0.0000000 0.0001276 0.0001276 0.0002552 0.0002552 0.0002552 0.0002552 0.0003190 0.0002552 0.0001914 0.0003828 0.0005104 0.0003190 0.0058185 0.0058163 0.0057503 0.0062731 0.0062074 0.0054239 0.0228259 0.0228931 0.0194356 0.0738023 0.0757268 0.0893531 0.0880045 0.0873446 0.0888991 0.0868735 0.0820762 0.0869774 0.0866001 
MK513604_1 0.0433418 0.0436751 0.0421277 0.0458123 0.0739926 0.0727192 0.0674437 0.0674255 0.0614413 0.0667922 0.0659233 0.0661819 0.0661954 0.0658330 0.0669787 0.0645600 0.0638454 0.0640607 0.0689154 0.0689172 0.0695920 0.0682445 0.0682064 0.0683157 0.0681552 0.0678136 0.0678136 0.0677376 0.0678130 0.0676452 0.0676452 0.0679761 0.0679740 0.0674783 0.0674590 0.0674611 0.0676460 0.0675191 0.0666482 0.0658727 0.0644677 0.0653740 0.0645048 0.0659993 0.0657688 0.0658164 0.0001276 0.0000000 0.0000010 0.0001276 0.0001276 0.0001276 0.0001276 0.0001914 0.0001276 0.0000638 0.0002552 0.0003828 0.0001914 0.0056879 0.0056858 0.0056198 0.0061424 0.0060767 0.0052935 0.0226864 0.0227535 0.0192980 0.0736364 0.0755591 0.0891781 0.0878296 0.0871706 0.0887242 0.0866999 0.0819051 0.0868037 0.0864264 
MK513598_1 0.0433418 0.0436751 0.0421277 0.0458123 0.0739926 0.0727192 0.0674437 0.0674255 0.0614413 0.0667922 0.0659233 0.0661819 0.0661954 0.0658330 0.0669787 0.0645600 0.0638454 0.0640607 0.0689154 0.0689172 0.0695920 0.0682445 0.0682064 0.0683157 0.0681552 0.0678136 0.0678136 0.0677376 0.0678130 0.0676452 0.0676452 0.0679761 0.0679740 0.0674783 0.0674590 0.0674611 0.0676460 0.0675191 0.0666482 0.0658727 0.0644677 0.0653740 0.0645048 0.0659993 0.0657688 0.0658164 0.0001276 0.0000010 0.0000000 0.0001276 0.0001276 0.0001276 0.0001276 0.0001914 0.0001276 0.0000638 0.0002552 0.0003828 0.0001914 0.0056879 0.0056858 0.0056198 0.0061424 0.0060767 0.0052935 0.0226864 0.0227535 0.0192980 0.0736364 0.0755591 0.0891781 0.0878296 0.0871706 0.0887242 0.0866999 0.0819051 0.0868037 0.0864264 
MK513620_1 0.0434949 0.0438284 0.0422800 0.0459977 0.0739926 0.0727192 0.0674437 0.0674255 0.0614413 0.0667922 0.0659233 0.0661819 0.0661954 0.0658330 0.0669787 0.0645600 0.0638454 0.0640607 0.0689154 0.0689172 0.0695920 0.0682445 0.0682064 0.0683157 0.0681552 0.0678136 0.0678136 0.0677376 0.0678130 0.0676452 0.0676452 0.0679761 0.0679740 0.0674783 0.0674590 0.0674611 0.0676460 0.0675191 0.0666482 0.0658727 0.0644677 0.0653740 0.0645048 0.0659993 0.0657688 0.0658164 0.0002552 0.0001276 0.0001276 0.0000000 0.0000010 0.0002552 0.0002552 0.0003190 0.0002552 0.0001914 0.0003828 0.0005104 0.0003190 0.0058188 0.0058166 0.0057506 0.0062734 0.0062077 0.0054241 0.0228272 0.0228944 0.0194367 0.0738077 0.0757323 0.0893599 0.0880112 0.0873513 0.0889059 0.0868801 0.0820823 0.0869839 0.0866067 
