78
MN822013_1 0.0000000 0.0040636 0.0026583 0.0201282 0.0432620 0.0426136 0.0368409 0.0363999 0.0308908 0.0367535 0.0360007 0.0362260 0.0363208 0.0362311 0.0371743 0.0346353 0.0337334 0.0339916 0.0387133 0.0387143 0.0383268 0.0369770 0.0369573 0.0369116 0.0367670 0.0364667 0.0364667 0.0363962 0.0364664 0.0363175 0.0363175 0.0366131 0.0366121 0.0361690 0.0361592 0.0361602 0.0364644 0.0363968 0.0351190 0.0341130 0.0350073 0.0356056 0.0348071 0.0364241 0.0362120 0.0359726 0.0434907 0.0433404 0.0433404 0.0434935 0.0434935 0.0433404 0.0433389 0.0435683 0.0434919 0.0434331 0.0434957 0.0434904 0.0432781 0.0404212 0.0400569 0.0399764 0.0398305 0.0396055 0.0400400 0.0349183 0.0349111 0.0370086 0.0420618 0.0456944 0.0609135 0.0618137 0.0603455 0.0611669 0.0583726 0.0534268 0.0577699 0.0566814 
MN145872_1 0.0040636 0.0000000 0.0025303 0.0191087 0.0432939 0.0426450 0.0374565 0.0365033 0.0311968 0.0367977 0.0361889 0.0364146 0.0365093 0.0362746 0.0373642 0.0347389 0.0339826 0.0342380 0.0389687 0.0389696 0.0385808 0.0372286 0.0372087 0.0371664 0.0370215 0.0367207 0.0367207 0.0366501 0.0367204 0.0365712 0.0365712 0.0368673 0.0368663 0.0364224 0.0364125 0.0364135 0.0367183 0.0366507 0.0352233 0.0346556 0.0353206 0.0359208 0.0351208 0.0367450 0.0365326 0.0362926 0.0438242 0.0436736 0.0436736 0.0438270 0.0438270 0.0436736 0.0436720 0.0439019 0.0438254 0.0437665 0.0438293 0.0438238 0.0436112 0.0407468 0.0403837 0.0403030 0.0401568 0.0399314 0.0403667 0.0350869 0.0350796 0.0370351 0.0422442 0.0460926 0.0614362 0.0622532 0.0608655 0.0615311 0.0587309 0.0537086 0.0579710 0.0571261 
JF727650_1 0.0026583 0.0025303 0.0000000 0.0184534 0.0420604 0.0414151 0.0359695 0.0352335 0.0297482 0.0356631 0.0349138 0.0351381 0.0352339 0.0351451 0.0360848 0.0335532 0.0324978 0.0329138 0.0377600 0.0377609 0.0373768 0.0360323 0.0360131 0.0358082 0.0356641 0.0353651 0.0353651 0.0352948 0.0353648 0.0352165 0.0352165 0.0355110 0.0355100 0.0350686 0.0350591 0.0350600 0.0353628 0.0352954 0.0341777 0.0330180 0.0339906 0.0344402 0.0336450 0.0350928 0.0348814 0.0346436 0.0422759 0.0421262 0.0421262 0.0422786 0.0422786 0.0421262 0.0421247 0.0423531 0.0422771 0.0422181 0.0422808 0.0422756 0.0420638 0.0392206 0.0388591 0.0387791 0.0386336 0.0384096 0.0388426 0.0335403 0.0335334 0.0357004 0.0407170 0.0445531 0.0600212 0.0609151 0.0594571 0.0601183 0.0573357 0.0523427 0.0567348 0.0557373 
HM562900_1 0.0201282 0.0191087 0.0184534 0.0000000 0.0454901 0.0448807 0.0424657 0.0370173 0.0330223 0.0419872 0.0412126 0.0412049 0.0406609 0.0412246 0.0415640 0.0394777 0.0401244 0.0390561 0.0423565 0.0427192 0.0436356 0.0421465 0.0417813 0.0415969 0.0419686 0.0414182 0.0414182 0.0414182 0.0414182 0.0414182 0.0414182 0.0415969 0.0414182 0.0412361 0.0412361 0.0410576 0.0415961 0.0414182 0.0401315 0.0380464 0.0351709 0.0357263 0.0351967 0.0360826 0.0361103 0.0360857 0.0459921 0.0458107 0.0458107 0.0459961 0.0459961 0.0458107 0.0458107 0.0459952 0.0458107 0.0458107 0.0458107 0.0458107 0.0458107 0.0423114 0.0426467 0.0419074 0.0419102 0.0417315 0.0419206 0.0372978 0.0374758 0.0394961 0.0350427 0.0431009 0.0542518 0.0543246 0.0532772 0.0531516 0.0523887 0.0500358 0.0521326 0.0509664 
MN630022_1 0.0432620 0.0432939 0.0420604 0.0454901 0.0000000 0.0025332 0.0375733 0.0344358 0.0287603 0.0468062 0.0460187 0.0461011 0.0461307 0.0462544 0.0468705 0.0446426 0.0445775 0.0444408 0.0500002 0.0501568 0.0494339 0.0482665 0.0483376 0.0483097 0.0481595 0.0478447 0.0478447 0.0477722 0.0478443 0.0476887 0.0476887 0.0479968 0.0479955 0.0475336 0.0475205 0.0475218 0.0478416 0.0477727 0.0467372 0.0460892 0.0462976 0.0467540 0.0459185 0.0473373 0.0471815 0.0470177 0.0741579 0.0739908 0.0739908 0.0739908 0.0739908 0.0739908 0.0739878 0.0742462 0.0741602 0.0741046 0.0741047 0.0738232 0.0739302 0.0710199 0.0705246 0.0703656 0.0702693 0.0700168 0.0705592 0.0642284 0.0643193 0.0673366 0.0622346 0.0673567 0.0868848 0.0877161 0.0859940 0.0865562 0.0847149 0.0790197 0.0837607 0.0835020 
KY969476_1 0.0426136 0.0426450 0.0414151 0.0448807 0.0025332 0.0000000 0.0368018 0.0336762 0.0280221 0.0458503 0.0450668 0.0451487 0.0451790 0.0453027 0.0457637 0.0435456 0.0433176 0.0434960 0.0488751 0.0490309 0.0483137 0.0471524 0.0472234 0.0471814 0.0470319 0.0467188 0.0467188 0.0466466 0.0467184 0.0465636 0.0465636 0.0468703 0.0468689 0.0464093 0.0463965 0.0463978 0.0467158 0.0466471 0.0457023 0.0451209 0.0454914 0.0460937 0.0451113 0.0466665 0.0465111 0.0463480 0.0728836 0.0727174 0.0727174 0.0727174 0.0727174 0.0727174 0.0727144 0.0729714 0.0728859 0.0728302 0.0728303 0.0725505 0.0726567 0.0699336 0.0696042 0.0694459 0.0693500 0.0690986 0.0696391 0.0638416 0.0639322 0.0666035 0.0614661 0.0666247 0.0858951 0.0867127 0.0850033 0.0855629 0.0835600 0.0778927 0.0826102 0.0822757 
JN635406_1 0.0368409 0.0374565 0.0359695 0.0424657 0.0375733 0.0368018 0.0000000 0.0307570 0.0250547 0.0417271 0.0409599 0.0411215 0.0409182 0.0411233 0.0417023 0.0393000 0.0390955 0.0389914 0.0432164 0.0433684 0.0428145 0.0415895 0.0414449 0.0414596 0.0411643 0.0410078 0.0410078 0.0409367 0.0410075 0.0408563 0.0408563 0.0411561 0.0411550 0.0407055 0.0406944 0.0406955 0.0410052 0.0407861 0.0398763 0.0394870 0.0393863 0.0409521 0.0399914 0.0416451 0.0414305 0.0413342 0.0676049 0.0674419 0.0674419 0.0674419 0.0674419 0.0674419 0.0674392 0.0676907 0.0676070 0.0675508 0.0675510 0.0672783 0.0673810 0.0649400 0.0645177 0.0644254 0.0642687 0.0640224 0.0642271 0.0591571 0.0592455 0.0615458 0.0554440 0.0610620 0.0814205 0.0824328 0.0805232 0.0814129 0.0793392 0.0736159 0.0782241 0.0765567 
GQ376027_1 0.0363999 0.0365033 0.0352335 0.0370173 0.0344358 0.0336762 0.0307570 0.0000000 0.0140782 0.0406191 0.0398555 0.0399351 0.0401749 0.0399364 0.0407404 0.0383257 0.0384923 0.0378137 0.0428376 0.0429893 0.0424371 0.0412142 0.0412845 0.0415968 0.0412990 0.0411450 0.0411450 0.0410739 0.0411447 0.0409935 0.0409935 0.0412933 0.0412922 0.0408427 0.0408315 0.0408327 0.0411424 0.0410745 0.0395716 0.0385558 0.0391636 0.0393429 0.0383872 0.0398513 0.0397004 0.0396935 0.0675866 0.0674235 0.0674235 0.0674235 0.0674235 0.0674235 0.0674208 0.0676724 0.0675887 0.0675325 0.0675326 0.0672598 0.0673625 0.0638422 0.0636561 0.0635642 0.0632469 0.0630013 0.0636930 0.0577024 0.0577902 0.0590266 0.0540584 0.0609649 0.0805254 0.0816540 0.0796693 0.0801404 0.0780511 0.0724539 0.0774210 0.0754897 
AB481088_1 0.0308908 0.0311968 0.0297482 0.0330223 0.0287603 0.0280221 0.0250547 0.0140782 0.0000000 0.0358471 0.0350991 0.0352557 0.0352745 0.0351880 0.0361234 0.0337410 0.0335617 0.0332453 0.0381870 0.0383361 0.0378030 0.0365240 0.0368036 0.0369007 0.0367564 0.0364567 0.0364567 0.0363863 0.0364564 0.0363078 0.0363078 0.0366028 0.0366018 0.0361596 0.0361498 0.0361507 0.0364543 0.0363869 0.0347489 0.0340303 0.0342807 0.0344571 0.0335173 0.0348901 0.0347419 0.0347359 0.0615995 0.0614393 0.0614393 0.0614393 0.0614393 0.0614393 0.0614369 0.0616834 0.0616014 0.0615444 0.0615445 0.0612786 0.0613778 0.0582790 0.0580664 0.0579771 0.0576647 0.0574237 0.0581053 0.0522038 0.0522895 0.0544730 0.0494737 0.0555714 0.0752928 0.0762990 0.0741351 0.0746689 0.0726459 0.0670040 0.0720295 0.0700195 
MK513626_1 0.0367535 0.0367977 0.0356631 0.0419872 0.0468062 0.0458503 0.0417271 0.0406191 0.0358471 0.0000000 0.0008843 0.0019639 0.0026010 0.0026639 0.0034934 0.0065306 0.0060096 0.0073765 0.0199558 0.0199574 0.0199325 0.0187559 0.0192270 0.0192625 0.0191266 0.0188492 0.0188492 0.0187821 0.0188491 0.0187110 0.0187110 0.0189862 0.0189857 0.0185730 0.0185681 0.0187055 0.0188481 0.0187826 0.0182082 0.0223635 0.0369343 0.0400890 0.0391290 0.0404707 0.0403193 0.0401611 0.0669534 0.0667906 0.0667906 0.0667906 0.0667906 0.0667906 0.0667880 0.0670389 0.0669554 0.0668992 0.0669622 0.0666274 0.0667296 0.0637798 0.0633502 0.0632585 0.0631023 0.0628570 0.0631637 0.0575533 0.0577250 0.0600794 0.0547528 0.0619497 0.0799842 0.0802809 0.0793728 0.0803289 0.0778644 0.0737598 0.0781528 0.0759847 
MK513624_1 0.0360007 0.0361889 0.0349138 0.0412126 0.0460187 0.0450668 0.0409599 0.0398555 0.0350991 0.0008843 0.0000000 0.0013280 0.0018360 0.0020260 0.0027257 0.0060089 0.0052234 0.0065923 0.0191252 0.0191267 0.0191029 0.0179313 0.0184009 0.0184263 0.0182908 0.0180145 0.0180145 0.0179476 0.0180144 0.0178768 0.0178768 0.0181510 0.0181506 0.0177394 0.0177347 0.0178716 0.0180134 0.0179481 0.0173829 0.0217913 0.0363273 0.0394712 0.0385139 0.0398443 0.0396933 0.0395357 0.0660840 0.0659218 0.0659218 0.0659218 0.0659218 0.0659218 0.0659192 0.0661692 0.0660860 0.0660297 0.0660927 0.0657591 0.0658608 0.0629268 0.0624942 0.0624029 0.0622471 0.0620026 0.0623084 0.0567303 0.0569013 0.0592460 0.0540894 0.0612654 0.0792421 0.0795355 0.0786347 0.0795877 0.0771312 0.0730392 0.0774186 0.0752560 
MH173047_1 0.0362260 0.0364146 0.0351381 0.0412049 0.0461011 0.0451487 0.0411215 0.0399351 0.0352557 0.0019639 0.0013280 0.0000000 0.0026639 0.0028543 0.0035562 0.0068523 0.0060729 0.0074390 0.0193344 0.0193359 0.0193118 0.0181389 0.0187442 0.0187738 0.0186382 0.0183614 0.0183614 0.0182944 0.0183613 0.0182235 0.0182235 0.0184981 0.0184977 0.0180859 0.0180811 0.0182182 0.0183603 0.0182949 0.0177259 0.0222075 0.0368439 0.0398491 0.0388903 0.0402273 0.0400762 0.0399182 0.0663428 0.0661804 0.0661804 0.0661804 0.0661804 0.0661804 0.0661778 0.0664281 0.0663448 0.0662885 0.0663515 0.0660175 0.0661194 0.0631809 0.0627492 0.0626578 0.0625019 0.0622572 0.0625632 0.0569757 0.0571469 0.0594944 0.0542716 0.0615165 0.0795123 0.0796324 0.0787306 0.0798575 0.0773984 0.0733023 0.0776861 0.0755218 
MH631016_1 0.0363208 0.0365093 0.0352339 0.0406609 0.0461307 0.0451790 0.0409182 0.0401749 0.0352745 0.0026010 0.0018360 0.0026639 0.0000000 0.0017065 0.0024046 0.0056827 0.0049000 0.0065199 0.0194660 0.0194676 0.0188771 0.0177080 0.0183117 0.0183646 0.0182292 0.0179528 0.0179528 0.0178859 0.0179527 0.0178151 0.0178151 0.0180893 0.0180889 0.0176777 0.0176730 0.0178099 0.0179517 0.0178864 0.0172948 0.0217929 0.0365021 0.0397940 0.0388366 0.0402367 0.0400855 0.0399275 0.0663563 0.0661939 0.0661939 0.0661939 0.0661939 0.0661939 0.0661912 0.0664416 0.0663583 0.0663020 0.0663650 0.0660309 0.0661328 0.0631934 0.0627617 0.0626702 0.0625143 0.0622695 0.0625756 0.0571345 0.0572221 0.0595674 0.0544317 0.0616786 0.0793245 0.0801785 0.0786366 0.0796630 0.0772084 0.0729328 0.0773293 0.0754139 
MF496201_1 0.0362311 0.0362746 0.0351451 0.0412246 0.0462544 0.0453027 0.0411233 0.0399364 0.0351880 0.0026639 0.0020260 0.0028543 0.0017065 0.0000000 0.0023401 0.0056162 0.0047678 0.0064526 0.0193894 0.0193909 0.0188011 0.0176328 0.0182362 0.0182192 0.0180839 0.0178078 0.0178078 0.0177409 0.0178077 0.0176702 0.0176702 0.0179442 0.0179438 0.0175329 0.0175283 0.0176651 0.0178068 0.0177414 0.0173556 0.0217837 0.0367057 0.0397016 0.0387449 0.0400672 0.0399162 0.0397584 0.0659936 0.0658315 0.0658315 0.0658315 0.0658315 0.0658315 0.0658289 0.0660788 0.0659957 0.0659393 0.0660023 0.0656688 0.0657705 0.0628384 0.0624054 0.0623142 0.0621585 0.0619141 0.0622198 0.0568726 0.0569601 0.0592310 0.0544760 0.0617292 0.0792761 0.0802042 0.0786630 0.0796146 0.0771617 0.0729119 0.0770484 0.0751240 
MK161348_1 0.0371743 0.0373642 0.0360848 0.0415640 0.0468705 0.0457637 0.0417023 0.0407404 0.0361234 0.0034934 0.0027257 0.0035562 0.0024046 0.0023401 0.0000000 0.0064548 0.0055483 0.0071648 0.0201371 0.0201387 0.0195456 0.0183736 0.0189783 0.0190404 0.0189047 0.0186278 0.0186278 0.0185608 0.0186276 0.0184898 0.0184898 0.0187645 0.0187641 0.0183520 0.0183472 0.0184844 0.0186267 0.0185613 0.0180981 0.0226169 0.0372092 0.0405075 0.0395482 0.0409608 0.0408093 0.0406509 0.0671398 0.0669771 0.0669771 0.0669771 0.0669771 0.0669771 0.0669745 0.0672254 0.0671419 0.0670857 0.0671487 0.0668139 0.0669162 0.0638731 0.0632837 0.0633527 0.0631966 0.0629514 0.0633506 0.0577265 0.0578142 0.0601641 0.0554079 0.0626011 0.0799094 0.0810111 0.0794602 0.0804147 0.0779541 0.0738561 0.0779034 0.0759174 
KY969480_1 0.0346353 0.0347389 0.0335532 0.0394777 0.0446426 0.0435456 0.0393000 0.0383257 0.0337410 0.0065306 0.0060089 0.0068523 0.0056827 0.0056162 0.0064548 0.0000000 0.0038610 0.0043991 0.0176314 0.0176328 0.0170623 0.0159114 0.0161099 0.0161792 0.0160447 0.0157708 0.0157708 0.0157042 0.0157707 0.0156343 0.0156343 0.0159063 0.0159059 0.0154980 0.0154939 0.0156297 0.0157699 0.0157047 0.0152261 0.0201293 0.0348927 0.0380114 0.0372040 0.0383006 0.0381505 0.0381415 0.0647198 0.0645582 0.0645582 0.0645582 0.0645582 0.0645582 0.0645556 0.0648046 0.0647218 0.0646652 0.0647282 0.0643961 0.0644970 0.0615047 0.0611460 0.0610554 0.0609001 0.0606566 0.0611252 0.0555060 0.0555931 0.0579069 0.0527230 0.0606422 0.0782220 0.0789823 0.0776040 0.0789004 0.0762764 0.0716344 0.0759915 0.0740106 
KT732231_1 0.0337334 0.0339826 0.0324978 0.0401244 0.0445775 0.0433176 0.0390955 0.0384923 0.0335617 0.0060096 0.0052234 0.0060729 0.0049000 0.0047678 0.0055483 0.0038610 0.0000000 0.0043188 0.0163763 0.0163776 0.0167871 0.0156242 0.0159603 0.0159589 0.0158246 0.0155513 0.0155513 0.0154847 0.0155511 0.0154150 0.0154150 0.0156865 0.0156861 0.0152789 0.0152749 0.0154105 0.0155503 0.0154852 0.0146610 0.0195729 0.0350837 0.0378671 0.0369043 0.0381733 0.0380234 0.0378671 0.0640048 0.0638437 0.0638437 0.0638437 0.0638437 0.0638437 0.0638412 0.0640893 0.0640067 0.0639501 0.0640131 0.0636821 0.0637825 0.0606253 0.0606026 0.0605123 0.0603574 0.0601146 0.0605820 0.0548481 0.0550196 0.0575170 0.0521205 0.0604640 0.0775887 0.0778686 0.0769857 0.0780316 0.0753872 0.0709189 0.0751510 0.0733934 
JN635404_1 0.0339916 0.0342380 0.0329138 0.0390561 0.0444408 0.0434960 0.0389914 0.0378137 0.0332453 0.0073765 0.0065923 0.0074390 0.0065199 0.0064526 0.0071648 0.0043991 0.0043188 0.0000000 0.0169461 0.0169474 0.0165035 0.0152129 0.0155443 0.0156267 0.0154925 0.0152193 0.0152193 0.0151529 0.0152192 0.0150832 0.0150832 0.0153545 0.0153541 0.0149472 0.0149433 0.0150788 0.0152184 0.0151533 0.0146627 0.0195644 0.0348200 0.0376419 0.0366922 0.0381252 0.0379752 0.0378188 0.0642202 0.0640589 0.0640589 0.0640589 0.0640589 0.0640589 0.0640564 0.0643049 0.0642222 0.0641656 0.0642286 0.0638971 0.0639977 0.0611772 0.0608172 0.0607267 0.0605716 0.0603284 0.0606329 0.0550248 0.0551115 0.0575059 0.0521346 0.0601332 0.0783943 0.0793170 0.0777852 0.0789072 0.0761168 0.0713068 0.0757294 0.0734140 
MK142916_1 0.0387133 0.0389687 0.0377600 0.0423565 0.0500002 0.0488751 0.0432164 0.0428376 0.0381870 0.0199558 0.0191252 0.0193344 0.0194660 0.0193894 0.0201371 0.0176314 0.0163763 0.0169461 0.0000000 0.0006303 0.0021547 0.0015828 0.0084841 0.0077218 0.0073897 0.0071261 0.0071261 0.0070611 0.0071261 0.0069946 0.0069946 0.0072573 0.0072571 0.0068632 0.0068614 0.0069926 0.0071257 0.0070613 0.0080545 0.0228386 0.0398589 0.0426707 0.0417001 0.0420418 0.0418269 0.0415810 0.0690773 0.0689136 0.0689136 0.0689136 0.0689136 0.0689136 0.0690794 0.0691635 0.0690794 0.0690235 0.0692552 0.0689179 0.0688528 0.0659595 0.0654535 0.0653608 0.0650377 0.0649569 0.0652652 0.0604595 0.0607175 0.0639830 0.0560577 0.0657692 0.0832928 0.0839720 0.0827476 0.0837167 0.0810434 0.0759253 0.0806439 0.0774367 
MK142914_1 0.0387143 0.0389696 0.0377609 0.0427192 0.0501568 0.0490309 0.0433684 0.0429893 0.0383361 0.0199574 0.0191267 0.0193359 0.0194676 0.0193909 0.0201387 0.0176328 0.0163776 0.0169474 0.0006303 0.0000000 0.0021549 0.0015829 0.0084847 0.0077224 0.0073902 0.0071267 0.0071267 0.0070616 0.0071266 0.0069951 0.0069951 0.0072578 0.0072576 0.0068637 0.0068620 0.0069931 0.0071263 0.0070618 0.0080552 0.0228404 0.0400088 0.0426745 0.0417037 0.0420455 0.0418306 0.0415847 0.0690791 0.0689154 0.0689154 0.0689154 0.0689154 0.0689154 0.0690813 0.0691653 0.0690813 0.0690253 0.0692570 0.0689197 0.0688546 0.0659612 0.0654552 0.0653625 0.0650394 0.0649586 0.0652669 0.0604611 0.0607190 0.0639847 0.0561261 0.0655384 0.0834714 0.0841517 0.0829255 0.0838952 0.0812201 0.0760988 0.0808205 0.0776116 
KU728743_1 0.0383268 0.0385808 0.0373768 0.0436356 0.0494339 0.0483137 0.0428145 0.0424371 0.0378030 0.0199325 0.0191029 0.0193118 0.0188771 0.0188011 0.0195456 0.0170623 0.0167871 0.0165035 0.0021547 0.0021549 0.0000000 0.0011994 0.0080744 0.0082502 0.0079183 0.0076540 0.0076540 0.0075888 0.0076539 0.0075221 0.0075221 0.0077854 0.0077852 0.0073894 0.0073875 0.0075190 0.0076535 0.0075891 0.0076451 0.0234017 0.0391749 0.0419707 0.0410055 0.0424996 0.0422844 0.0420379 0.0697543 0.0695902 0.0695902 0.0695902 0.0695902 0.0695902 0.0697564 0.0698407 0.0697564 0.0697005 0.0699327 0.0695945 0.0695294 0.0666249 0.0661213 0.0660282 0.0657044 0.0656234 0.0659324 0.0600036 0.0600923 0.0633425 0.0567633 0.0651188 0.0825237 0.0836455 0.0819503 0.0829146 0.0804282 0.0753312 0.0799615 0.0768351 
KJ410048_1 0.0369770 0.0372286 0.0360323 0.0421465 0.0482665 0.0471524 0.0415895 0.0412142 0.0365240 0.0187559 0.0179313 0.0181389 0.0177080 0.0176328 0.0183736 0.0159114 0.0156242 0.0152129 0.0015828 0.0015829 0.0011994 0.0000000 0.0068334 0.0069958 0.0066660 0.0064033 0.0064033 0.0063383 0.0064032 0.0062721 0.0062721 0.0065340 0.0065339 0.0061411 0.0061396 0.0062704 0.0064029 0.0063386 0.0064025 0.0220651 0.0380363 0.0406681 0.0397082 0.0412032 0.0409888 0.0407440 0.0684061 0.0682427 0.0682427 0.0682427 0.0682427 0.0682427 0.0684082 0.0684920 0.0684082 0.0683521 0.0685835 0.0682470 0.0681819 0.0652996 0.0647912 0.0646988 0.0643763 0.0642957 0.0646034 0.0586851 0.0587732 0.0620036 0.0555575 0.0636744 0.0815992 0.0827136 0.0809743 0.0819342 0.0792863 0.0742149 0.0788900 0.0758799 
MG912592_1 0.0369573 0.0372087 0.0360131 0.0417813 0.0483376 0.0472234 0.0414449 0.0412845 0.0368036 0.0192270 0.0184009 0.0187442 0.0183117 0.0182362 0.0189783 0.0161099 0.0159603 0.0155443 0.0084841 0.0084847 0.0080744 0.0068334 0.0000000 0.0012155 0.0008948 0.0006382 0.0006382 0.0006382 0.0006382 0.0005105 0.0005105 0.0007659 0.0007659 0.0007671 0.0007659 0.0008949 0.0010233 0.0009594 0.0065316 0.0222725 0.0379321 0.0407979 0.0398380 0.0413345 0.0411201 0.0408752 0.0683678 0.0682046 0.0682046 0.0682046 0.0682046 0.0682046 0.0682019 0.0684537 0.0683700 0.0683139 0.0683769 0.0680408 0.0681438 0.0653574 0.0648489 0.0647565 0.0644341 0.0643535 0.0646612 0.0586186 0.0586095 0.0618559 0.0556426 0.0636575 0.0809492 0.0818879 0.0801608 0.0814648 0.0784799 0.0734290 0.0780850 0.0754215 
KT732261_1 0.0369116 0.0371664 0.0358082 0.0415969 0.0483097 0.0471814 0.0414596 0.0415968 0.0369007 0.0192625 0.0184263 0.0187738 0.0183646 0.0182192 0.0190404 0.0161792 0.0159589 0.0156267 0.0077218 0.0077224 0.0082502 0.0069958 0.0012155 0.0000000 0.0010873 0.0008310 0.0008310 0.0008310 0.0008309 0.0007019 0.0007019 0.0009590 0.0009590 0.0009595 0.0009592 0.0010874 0.0012159 0.0011520 0.0065587 0.0223656 0.0375260 0.0409574 0.0399836 0.0414242 0.0412097 0.0409646 0.0684772 0.0683139 0.0683139 0.0683139 0.0683139 0.0683139 0.0683111 0.0685632 0.0684793 0.0684233 0.0684863 0.0681500 0.0682530 0.0649799 0.0649555 0.0648631 0.0645405 0.0644599 0.0647677 0.0583754 0.0585497 0.0618954 0.0557393 0.0639986 0.0804240 0.0807155 0.0796467 0.0810535 0.0778601 0.0728448 0.0775539 0.0749383 
KT732259_1 0.0367670 0.0370215 0.0356641 0.0419686 0.0481595 0.0470319 0.0411643 0.0412990 0.0367564 0.0191266 0.0182908 0.0186382 0.0182292 0.0180839 0.0189047 0.0160447 0.0158246 0.0154925 0.0073897 0.0073902 0.0079183 0.0066660 0.0008948 0.0010873 0.0000000 0.0005104 0.0005104 0.0005105 0.0005104 0.0003828 0.0003828 0.0006381 0.0006381 0.0006381 0.0006381 0.0007669 0.0008951 0.0008313 0.0063598 0.0222282 0.0375306 0.0408108 0.0398375 0.0412774 0.0410629 0.0408180 0.0683166 0.0681533 0.0681533 0.0681533 0.0681533 0.0681533 0.0681506 0.0684025 0.0683187 0.0682627 0.0683257 0.0679895 0.0680925 0.0648211 0.0647968 0.0647044 0.0643820 0.0643014 0.0646091 0.0582205 0.0583947 0.0615788 0.0555234 0.0641671 0.0806511 0.0809437 0.0798729 0.0812815 0.0780839 0.0730622 0.0777774 0.0751589 
KT732257_1 0.0364667 0.0367207 0.0353651 0.0414182 0.0478447 0.0467188 0.0410078 0.0411450 0.0364567 0.0188492 0.0180145 0.0183614 0.0179528 0.0178078 0.0186278 0.0157708 0.0155513 0.0152193 0.0071261 0.0071267 0.0076540 0.0064033 0.0006382 0.0008310 0.0005104 0.0000000 0.0000010 0.0000010 0.0001276 0.0001276 0.0001276 0.0002552 0.0002552 0.0003828 0.0003828 0.0005104 0.0006381 0.0005743 0.0060966 0.0219465 0.0373769 0.0405055 0.0395333 0.0409713 0.0407571 0.0405126 0.0679748 0.0678117 0.0678117 0.0678117 0.0678117 0.0678117 0.0678090 0.0680606 0.0679769 0.0679208 0.0679838 0.0676481 0.0677509 0.0644839 0.0644598 0.0643676 0.0640455 0.0639650 0.0642724 0.0578931 0.0580671 0.0614059 0.0552625 0.0638304 0.0802919 0.0805829 0.0795147 0.0809213 0.0777283 0.0727135 0.0774221 0.0748066 
KT732249_1 0.0364667 0.0367207 0.0353651 0.0414182 0.0478447 0.0467188 0.0410078 0.0411450 0.0364567 0.0188492 0.0180145 0.0183614 0.0179528 0.0178078 0.0186278 0.0157708 0.0155513 0.0152193 0.0071261 0.0071267 0.0076540 0.0064033 0.0006382 0.0008310 0.0005104 0.0000010 0.0000000 0.0000010 0.0001276 0.0001276 0.0001276 0.0002552 0.0002552 0.0003828 0.0003828 0.0005104 0.0006381 0.0005743 0.0060966 0.0219465 0.0373769 0.0405055 0.0395333 0.0409713 0.0407571 0.0405126 0.0679748 0.0678117 0.0678117 0.0678117 0.0678117 0.0678117 0.0678090 0.0680606 0.0679769 0.0679208 0.0679838 0.0676481 0.0677509 0.0644839 0.0644598 0.0643676 0.0640455 0.0639650 0.0642724 0.0578931 0.0580671 0.0614059 0.0552625 0.0638304 0.0802919 0.0805829 0.0795147 0.0809213 0.0777283 0.0727135 0.0774221 0.0748066 
KT732251_1 0.0363962 0.0366501 0.0352948 0.0414182 0.0477722 0.0466466 0.0409367 0.0410739 0.0363863 0.0187821 0.0179476 0.0182944 0.0178859 0.0177409 0.0185608 0.0157042 0.0154847 0.0151529 0.0070611 0.0070616 0.0075888 0.0063383 0.0006382 0.0008310 0.0005105 0.0000010 0.0000010 0.0000000 0.0001276 0.0001276 0.0001276 0.0002552 0.0002552 0.0003828 0.0003828 0.0005105 0.0006381 0.0005743 0.0060315 0.0218787 0.0373065 0.0404343 0.0394623 0.0409001 0.0406859 0.0404414 0.0678988 0.0677357 0.0677357 0.0677357 0.0677357 0.0677357 0.0677330 0.0679846 0.0679009 0.0678448 0.0679078 0.0675721 0.0676748 0.0644085 0.0643844 0.0642922 0.0639702 0.0638897 0.0641970 0.0578191 0.0579930 0.0613312 0.0551890 0.0637550 0.0802136 0.0805044 0.0794366 0.0808430 0.0776505 0.0726366 0.0773443 0.0747291 
KT732247_1 0.0364664 0.0367204 0.0353648 0.0414182 0.0478443 0.0467184 0.0410075 0.0411447 0.0364564 0.0188491 0.0180144 0.0183613 0.0179527 0.0178077 0.0186276 0.0157707 0.0155511 0.0152192 0.0071261 0.0071266 0.0076539 0.0064032 0.0006382 0.0008309 0.0005104 0.0001276 0.0001276 0.0001276 0.0000000 0.0001276 0.0001276 0.0002552 0.0002552 0.0003828 0.0003828 0.0005104 0.0006381 0.0005743 0.0060966 0.0219463 0.0373766 0.0405052 0.0395330 0.0409710 0.0407568 0.0405123 0.0679742 0.0678111 0.0678111 0.0678111 0.0678111 0.0678111 0.0678084 0.0680600 0.0679763 0.0679202 0.0679832 0.0676475 0.0677503 0.0644834 0.0644592 0.0643670 0.0640450 0.0639645 0.0642718 0.0578926 0.0580666 0.0614054 0.0552620 0.0638299 0.0802912 0.0805822 0.0795140 0.0809206 0.0777276 0.0727129 0.0774214 0.0748059 
KT732239_1 0.0363175 0.0365712 0.0352165 0.0414182 0.0476887 0.0465636 0.0408563 0.0409935 0.0363078 0.0187110 0.0178768 0.0182235 0.0178151 0.0176702 0.0184898 0.0156343 0.0154150 0.0150832 0.0069946 0.0069951 0.0075221 0.0062721 0.0005105 0.0007019 0.0003828 0.0001276 0.0001276 0.0001276 0.0001276 0.0000000 0.0000010 0.0002552 0.0002552 0.0002552 0.0002552 0.0003828 0.0005104 0.0004466 0.0059652 0.0218062 0.0372276 0.0403539 0.0393823 0.0408195 0.0406053 0.0403610 0.0678063 0.0676433 0.0676433 0.0676433 0.0676433 0.0676433 0.0676406 0.0678921 0.0678084 0.0677523 0.0678153 0.0674798 0.0675825 0.0643176 0.0642935 0.0642014 0.0638795 0.0637990 0.0641063 0.0577314 0.0579052 0.0612418 0.0551026 0.0636643 0.0801155 0.0804058 0.0793388 0.0807445 0.0775535 0.0725419 0.0772474 0.0746333 
KT732235_1 0.0363175 0.0365712 0.0352165 0.0414182 0.0476887 0.0465636 0.0408563 0.0409935 0.0363078 0.0187110 0.0178768 0.0182235 0.0178151 0.0176702 0.0184898 0.0156343 0.0154150 0.0150832 0.0069946 0.0069951 0.0075221 0.0062721 0.0005105 0.0007019 0.0003828 0.0001276 0.0001276 0.0001276 0.0001276 0.0000010 0.0000000 0.0002552 0.0002552 0.0002552 0.0002552 0.0003828 0.0005104 0.0004466 0.0059652 0.0218062 0.0372276 0.0403539 0.0393823 0.0408195 0.0406053 0.0403610 0.0678063 0.0676433 0.0676433 0.0676433 0.0676433 0.0676433 0.0676406 0.0678921 0.0678084 0.0677523 0.0678153 0.0674798 0.0675825 0.0643176 0.0642935 0.0642014 0.0638795 0.0637990 0.0641063 0.0577314 0.0579052 0.0612418 0.0551026 0.0636643 0.0801155 0.0804058 0.0793388 0.0807445 0.0775535 0.0725419 0.0772474 0.0746333 
KT732255_1 0.0366131 0.0368673 0.0355110 0.0415969 0.0479968 0.0468703 0.0411561 0.0412933 0.0366028 0.0189862 0.0181510 0.0184981 0.0180893 0.0179442 0.0187645 0.0159063 0.0156865 0.0153545 0.0072573 0.0072578 0.0077854 0.0065340 0.0007659 0.0009590 0.0006381 0.0002552 0.0002552 0.0002552 0.0002552 0.0002552 0.0002552 0.0000000 0.0003828 0.0005104 0.0005104 0.0006381 0.0007670 0.0007031 0.0062277 0.0220852 0.0373766 0.0406539 0.0396813 0.0411200 0.0409057 0.0406610 0.0681374 0.0679742 0.0679742 0.0679742 0.0679742 0.0679742 0.0679715 0.0682232 0.0681395 0.0680834 0.0681464 0.0678105 0.0679134 0.0646448 0.0646205 0.0645282 0.0642061 0.0641255 0.0644330 0.0580501 0.0582241 0.0615649 0.0554179 0.0639911 0.0804610 0.0806675 0.0796835 0.0810908 0.0778960 0.0728787 0.0775897 0.0749732 
KT732245_1 0.0366121 0.0368663 0.0355100 0.0414182 0.0479955 0.0468689 0.0411550 0.0412922 0.0366018 0.0189857 0.0181506 0.0184977 0.0180889 0.0179438 0.0187641 0.0159059 0.0156861 0.0153541 0.0072571 0.0072576 0.0077852 0.0065339 0.0007659 0.0009590 0.0006381 0.0002552 0.0002552 0.0002552 0.0002552 0.0002552 0.0002552 0.0003828 0.0000000 0.0005104 0.0005104 0.0006381 0.0007670 0.0007031 0.0062275 0.0220847 0.0375223 0.0406528 0.0396802 0.0411189 0.0409046 0.0406599 0.0681353 0.0679721 0.0679721 0.0679721 0.0679721 0.0679721 0.0679694 0.0682211 0.0681374 0.0680813 0.0681443 0.0678084 0.0679113 0.0646428 0.0646186 0.0645263 0.0642041 0.0641235 0.0644310 0.0580484 0.0582224 0.0615631 0.0554163 0.0638279 0.0802886 0.0805796 0.0795114 0.0809180 0.0777251 0.0727106 0.0774189 0.0748035 
KT732253_1 0.0361690 0.0364224 0.0350686 0.0412361 0.0475336 0.0464093 0.0407055 0.0408427 0.0361596 0.0185730 0.0177394 0.0180859 0.0176777 0.0175329 0.0183520 0.0154980 0.0152789 0.0149472 0.0068632 0.0068637 0.0073894 0.0061411 0.0007671 0.0009595 0.0006381 0.0003828 0.0003828 0.0003828 0.0003828 0.0002552 0.0002552 0.0005104 0.0005104 0.0000000 0.0001276 0.0002552 0.0002552 0.0003190 0.0058339 0.0216663 0.0371658 0.0402031 0.0392320 0.0406683 0.0404543 0.0402101 0.0676393 0.0674764 0.0674764 0.0674764 0.0674764 0.0674764 0.0674737 0.0677250 0.0676414 0.0675853 0.0676482 0.0673129 0.0674155 0.0641526 0.0641286 0.0640365 0.0637148 0.0636344 0.0639415 0.0575707 0.0577444 0.0610789 0.0549437 0.0634995 0.0801589 0.0804495 0.0793817 0.0807883 0.0775954 0.0725807 0.0772891 0.0746735 
KT732233_1 0.0361592 0.0364125 0.0350591 0.0412361 0.0475205 0.0463965 0.0406944 0.0408315 0.0361498 0.0185681 0.0177347 0.0180811 0.0176730 0.0175283 0.0183472 0.0154939 0.0152749 0.0149433 0.0068614 0.0068620 0.0073875 0.0061396 0.0007659 0.0009592 0.0006381 0.0003828 0.0003828 0.0003828 0.0003828 0.0002552 0.0002552 0.0005104 0.0005104 0.0001276 0.0000000 0.0002552 0.0003828 0.0003190 0.0058324 0.0216605 0.0371557 0.0401921 0.0392213 0.0406572 0.0404432 0.0401992 0.0676200 0.0674571 0.0674571 0.0674571 0.0674571 0.0674571 0.0674544 0.0677057 0.0676221 0.0675660 0.0676289 0.0672937 0.0673963 0.0641344 0.0641104 0.0640184 0.0636967 0.0636163 0.0639233 0.0575546 0.0577282 0.0610616 0.0549284 0.0634814 0.0801355 0.0804260 0.0793586 0.0807647 0.0775728 0.0725598 0.0772667 0.0746518 
KT732237_1 0.0361602 0.0364135 0.0350600 0.0410576 0.0475218 0.0463978 0.0406955 0.0408327 0.0361507 0.0187055 0.0178716 0.0182182 0.0178099 0.0176651 0.0184844 0.0156297 0.0154105 0.0150788 0.0069926 0.0069931 0.0075190 0.0062704 0.0008949 0.0010874 0.0007669 0.0005104 0.0005104 0.0005105 0.0005104 0.0003828 0.0003828 0.0006381 0.0006381 0.0002552 0.0002552 0.0000000 0.0005104 0.0004466 0.0059635 0.0217998 0.0371567 0.0401932 0.0392224 0.0406583 0.0404444 0.0402003 0.0676221 0.0674592 0.0674592 0.0674592 0.0674592 0.0674592 0.0674565 0.0677078 0.0676242 0.0675681 0.0676310 0.0672958 0.0673984 0.0641364 0.0641123 0.0640203 0.0636987 0.0636183 0.0639253 0.0575563 0.0577299 0.0610635 0.0549300 0.0634834 0.0801381 0.0804286 0.0793612 0.0807673 0.0775753 0.0725621 0.0772692 0.0746542 
KT732243_1 0.0364644 0.0367183 0.0353628 0.0415961 0.0478416 0.0467158 0.0410052 0.0411424 0.0364543 0.0188481 0.0180134 0.0183603 0.0179517 0.0178068 0.0186267 0.0157699 0.0155503 0.0152184 0.0071257 0.0071263 0.0076535 0.0064029 0.0010233 0.0012159 0.0008951 0.0006381 0.0006381 0.0006381 0.0006381 0.0005104 0.0005104 0.0007670 0.0007670 0.0002552 0.0003828 0.0005104 0.0000000 0.0005743 0.0060962 0.0219452 0.0374615 0.0405029 0.0395308 0.0409687 0.0407545 0.0405100 0.0678071 0.0676441 0.0676441 0.0676441 0.0676441 0.0676441 0.0676414 0.0678928 0.0678092 0.0677531 0.0678161 0.0674806 0.0675832 0.0643183 0.0642942 0.0642021 0.0638802 0.0637997 0.0641070 0.0577319 0.0579057 0.0612424 0.0552588 0.0638261 0.0805046 0.0807966 0.0797266 0.0811348 0.0779381 0.0729178 0.0776316 0.0750136 
KT732241_1 0.0363968 0.0366507 0.0352954 0.0414182 0.0477727 0.0466471 0.0407861 0.0410745 0.0363869 0.0187826 0.0179481 0.0182949 0.0178864 0.0177414 0.0185613 0.0157047 0.0154852 0.0151533 0.0070613 0.0070618 0.0075891 0.0063386 0.0009594 0.0011520 0.0008313 0.0005743 0.0005743 0.0005743 0.0005743 0.0004466 0.0004466 0.0007031 0.0007031 0.0003190 0.0003190 0.0004466 0.0005743 0.0000000 0.0060317 0.0218793 0.0373940 0.0404349 0.0394629 0.0409006 0.0406864 0.0404420 0.0676801 0.0675173 0.0675173 0.0675173 0.0675173 0.0675173 0.0675146 0.0677658 0.0676822 0.0676261 0.0676891 0.0673539 0.0674564 0.0641947 0.0641706 0.0640786 0.0637570 0.0636766 0.0639836 0.0576150 0.0577886 0.0611219 0.0551894 0.0637552 0.0802558 0.0805468 0.0794783 0.0808855 0.0776912 0.0726746 0.0773849 0.0747684 
KJ018971_2 0.0351190 0.0352233 0.0341777 0.0401315 0.0467372 0.0457023 0.0398763 0.0395716 0.0347489 0.0182082 0.0173829 0.0177259 0.0172948 0.0173556 0.0180981 0.0152261 0.0146610 0.0146627 0.0080545 0.0080552 0.0076451 0.0064025 0.0065316 0.0065587 0.0063598 0.0060966 0.0060966 0.0060315 0.0060966 0.0059652 0.0059652 0.0062277 0.0062275 0.0058339 0.0058324 0.0059635 0.0060962 0.0060317 0.0000000 0.0210254 0.0364870 0.0394838 0.0385978 0.0400031 0.0397887 0.0395444 0.0666465 0.0666464 0.0666464 0.0666464 0.0666464 0.0666464 0.0666438 0.0668952 0.0668116 0.0667551 0.0668183 0.0664829 0.0665853 0.0638808 0.0633676 0.0632756 0.0629536 0.0628731 0.0631805 0.0568348 0.0569224 0.0600619 0.0534596 0.0619827 0.0795290 0.0803773 0.0786588 0.0797035 0.0769116 0.0722185 0.0767563 0.0741965 
KC117298_1 0.0341130 0.0346556 0.0330180 0.0380464 0.0460892 0.0451209 0.0394870 0.0385558 0.0340303 0.0223635 0.0217913 0.0222075 0.0217929 0.0217837 0.0226169 0.0201293 0.0195729 0.0195644 0.0228386 0.0228404 0.0234017 0.0220651 0.0222725 0.0223656 0.0222282 0.0219465 0.0219465 0.0218787 0.0219463 0.0218062 0.0218062 0.0220852 0.0220847 0.0216663 0.0216605 0.0217998 0.0219452 0.0218793 0.0210254 0.0000000 0.0358320 0.0379321 0.0372642 0.0385154 0.0383020 0.0382079 0.0660336 0.0658708 0.0658708 0.0658708 0.0658708 0.0658708 0.0658682 0.0661191 0.0660356 0.0659790 0.0660422 0.0657075 0.0658095 0.0625363 0.0623474 0.0620908 0.0619347 0.0618544 0.0621568 0.0556126 0.0557851 0.0590373 0.0531412 0.0604973 0.0789015 0.0791631 0.0781942 0.0797001 0.0771066 0.0715858 0.0762073 0.0742711 
JN635410_1 0.0350073 0.0353206 0.0339906 0.0351709 0.0462976 0.0454914 0.0393863 0.0391636 0.0342807 0.0369343 0.0363273 0.0368439 0.0365021 0.0367057 0.0372092 0.0348927 0.0350837 0.0348200 0.0398589 0.0400088 0.0391749 0.0380363 0.0379321 0.0375260 0.0375306 0.0373769 0.0373769 0.0373065 0.0373766 0.0372276 0.0372276 0.0373766 0.0375223 0.0371658 0.0371557 0.0371567 0.0374615 0.0373940 0.0364870 0.0358320 0.0000000 0.0375724 0.0368353 0.0381269 0.0379769 0.0378205 0.0646271 0.0644655 0.0644655 0.0644655 0.0644655 0.0644655 0.0644630 0.0645457 0.0644630 0.0645725 0.0644694 0.0642990 0.0644044 0.0618136 0.0613831 0.0614521 0.0611370 0.0608933 0.0609622 0.0555749 0.0556619 0.0583627 0.0527399 0.0604205 0.0801371 0.0807488 0.0792224 0.0797613 0.0777104 0.0723985 0.0766103 0.0754858 
MF449469_1 0.0356056 0.0359208 0.0344402 0.0357263 0.0467540 0.0460937 0.0409521 0.0393429 0.0344571 0.0400890 0.0394712 0.0398491 0.0397940 0.0397016 0.0405075 0.0380114 0.0378671 0.0376419 0.0426707 0.0426745 0.0419707 0.0406681 0.0407979 0.0409574 0.0408108 0.0405055 0.0405055 0.0404343 0.0405052 0.0403539 0.0403539 0.0406539 0.0406528 0.0402031 0.0401921 0.0401932 0.0405029 0.0404349 0.0394838 0.0379321 0.0375724 0.0000000 0.0011350 0.0012151 0.0008951 0.0007019 0.0655344 0.0653720 0.0653720 0.0653720 0.0653720 0.0653720 0.0653694 0.0656196 0.0655364 0.0654798 0.0655429 0.0652091 0.0653108 0.0625679 0.0622810 0.0621896 0.0618731 0.0616282 0.0622555 0.0561895 0.0561770 0.0589155 0.0540311 0.0513581 0.0798108 0.0809404 0.0791297 0.0796698 0.0772068 0.0721540 0.0756598 0.0748833 
JN635402_1 0.0348071 0.0351208 0.0336450 0.0351967 0.0459185 0.0451113 0.0399914 0.0383872 0.0335173 0.0391290 0.0385139 0.0388903 0.0388366 0.0387449 0.0395482 0.0372040 0.0369043 0.0366922 0.0417001 0.0417037 0.0410055 0.0397082 0.0398380 0.0399836 0.0398375 0.0395333 0.0395333 0.0394623 0.0395330 0.0393823 0.0393823 0.0396813 0.0396802 0.0392320 0.0392213 0.0392224 0.0395308 0.0394629 0.0385978 0.0372642 0.0368353 0.0011350 0.0000000 0.0019202 0.0015997 0.0014065 0.0646647 0.0645027 0.0645027 0.0645027 0.0645027 0.0645027 0.0645001 0.0647497 0.0646666 0.0646099 0.0646731 0.0643402 0.0644413 0.0617107 0.0614200 0.0613290 0.0610130 0.0607688 0.0613948 0.0554188 0.0554065 0.0579806 0.0531739 0.0505115 0.0789377 0.0800607 0.0782610 0.0787992 0.0763440 0.0713062 0.0748009 0.0741919 
KT732229_1 0.0364241 0.0367450 0.0350928 0.0360826 0.0473373 0.0466665 0.0416451 0.0398513 0.0348901 0.0404707 0.0398443 0.0402273 0.0402367 0.0400672 0.0409608 0.0383006 0.0381733 0.0381252 0.0420418 0.0420455 0.0424996 0.0412032 0.0413345 0.0414242 0.0412774 0.0409713 0.0409713 0.0409001 0.0409710 0.0408195 0.0408195 0.0411200 0.0411189 0.0406683 0.0406572 0.0406583 0.0409687 0.0409006 0.0400031 0.0385154 0.0381269 0.0012151 0.0019202 0.0000000 0.0005102 0.0010224 0.0661599 0.0659972 0.0659972 0.0659972 0.0659972 0.0659972 0.0659945 0.0662454 0.0661620 0.0661054 0.0661686 0.0658339 0.0659359 0.0629212 0.0628975 0.0628057 0.0624885 0.0622429 0.0628718 0.0567120 0.0567840 0.0596409 0.0546807 0.0529541 0.0805828 0.0810728 0.0799082 0.0805452 0.0780422 0.0728330 0.0765641 0.0758549 
KT732227_1 0.0362120 0.0365326 0.0348814 0.0361103 0.0471815 0.0465111 0.0414305 0.0397004 0.0347419 0.0403193 0.0396933 0.0400762 0.0400855 0.0399162 0.0408093 0.0381505 0.0380234 0.0379752 0.0418269 0.0418306 0.0422844 0.0409888 0.0411201 0.0412097 0.0410629 0.0407571 0.0407571 0.0406859 0.0407568 0.0406053 0.0406053 0.0409057 0.0409046 0.0404543 0.0404432 0.0404444 0.0407545 0.0406864 0.0397887 0.0383020 0.0379769 0.0008951 0.0015997 0.0005102 0.0000000 0.0007655 0.0659293 0.0657667 0.0657667 0.0657667 0.0657667 0.0657667 0.0657640 0.0660148 0.0659314 0.0658748 0.0659380 0.0656035 0.0657054 0.0626926 0.0626690 0.0625773 0.0622602 0.0620148 0.0626434 0.0564879 0.0565599 0.0594147 0.0544583 0.0527316 0.0803426 0.0808314 0.0796683 0.0803048 0.0778036 0.0725976 0.0763262 0.0756175 
KT732225_1 0.0359726 0.0362926 0.0346436 0.0360857 0.0470177 0.0463480 0.0413342 0.0396935 0.0347359 0.0401611 0.0395357 0.0399182 0.0399275 0.0397584 0.0406509 0.0381415 0.0378671 0.0378188 0.0415810 0.0415847 0.0420379 0.0407440 0.0408752 0.0409646 0.0408180 0.0405126 0.0405126 0.0404414 0.0405123 0.0403610 0.0403610 0.0406610 0.0406599 0.0402101 0.0401992 0.0402003 0.0405100 0.0404420 0.0395444 0.0382079 0.0378205 0.0007019 0.0014065 0.0010224 0.0007655 0.0000000 0.0659769 0.0658143 0.0658143 0.0658143 0.0658143 0.0658143 0.0658117 0.0660624 0.0659790 0.0659224 0.0659856 0.0656512 0.0657531 0.0627409 0.0627173 0.0626257 0.0623086 0.0620633 0.0626917 0.0565375 0.0566094 0.0594636 0.0541928 0.0523148 0.0802169 0.0807049 0.0795430 0.0801790 0.0776797 0.0726440 0.0762033 0.0752521 
MK513622_1 0.0434907 0.0438242 0.0422759 0.0459921 0.0741579 0.0728836 0.0676049 0.0675866 0.0615995 0.0669534 0.0660840 0.0663428 0.0663563 0.0659936 0.0671398 0.0647198 0.0640048 0.0642202 0.0690773 0.0690791 0.0697543 0.0684061 0.0683678 0.0684772 0.0683166 0.0679748 0.0679748 0.0678988 0.0679742 0.0678063 0.0678063 0.0681374 0.0681353 0.0676393 0.0676200 0.0676221 0.0678071 0.0676801 0.0666465 0.0660336 0.0646271 0.0655344 0.0646647 0.0661599 0.0659293 0.0659769 0.0000000 0.0001276 0.0001276 0.0002552 0.0002552 0.0002552 0.0002552 0.0003190 0.0002552 0.0001914 0.0003828 0.0005104 0.0003190 0.0058184 0.0058163 0.0057503 0.0062731 0.0062074 0.0054238 0.0228254 0.0228925 0.0194353 0.0737996 0.0757247 0.0893515 0.0880026 0.0873428 0.0888975 0.0868717 0.0820746 0.0869755 0.0865985 
MK513604_1 0.0433404 0.0436736 0.0421262 0.0458107 0.0739908 0.0727174 0.0674419 0.0674235 0.0614393 0.0667906 0.0659218 0.0661804 0.0661939 0.0658315 0.0669771 0.0645582 0.0638437 0.0640589 0.0689136 0.0689154 0.0695902 0.0682427 0.0682046 0.0683139 0.0681533 0.0678117 0.0678117 0.0677357 0.0678111 0.0676433 0.0676433 0.0679742 0.0679721 0.0674764 0.0674571 0.0674592 0.0676441 0.0675173 0.0666464 0.0658708 0.0644655 0.0653720 0.0645027 0.0659972 0.0657667 0.0658143 0.0001276 0.0000000 0.0000010 0.0001276 0.0001276 0.0001276 0.0001276 0.0001914 0.0001276 0.0000638 0.0002552 0.0003828 0.0001914 0.0056879 0.0056857 0.0056198 0.0061423 0.0060767 0.0052935 0.0226858 0.0227530 0.0192978 0.0736336 0.0755570 0.0891765 0.0878277 0.0871687 0.0887226 0.0866980 0.0819035 0.0868018 0.0864247 
MK513598_1 0.0433404 0.0436736 0.0421262 0.0458107 0.0739908 0.0727174 0.0674419 0.0674235 0.0614393 0.0667906 0.0659218 0.0661804 0.0661939 0.0658315 0.0669771 0.0645582 0.0638437 0.0640589 0.0689136 0.0689154 0.0695902 0.0682427 0.0682046 0.0683139 0.0681533 0.0678117 0.0678117 0.0677357 0.0678111 0.0676433 0.0676433 0.0679742 0.0679721 0.0674764 0.0674571 0.0674592 0.0676441 0.0675173 0.0666464 0.0658708 0.0644655 0.0653720 0.0645027 0.0659972 0.0657667 0.0658143 0.0001276 0.0000010 0.0000000 0.0001276 0.0001276 0.0001276 0.0001276 0.0001914 0.0001276 0.0000638 0.0002552 0.0003828 0.0001914 0.0056879 0.0056857 0.0056198 0.0061423 0.0060767 0.0052935 0.0226858 0.0227530 0.0192978 0.0736336 0.0755570 0.0891765 0.0878277 0.0871687 0.0887226 0.0866980 0.0819035 0.0868018 0.0864247 
MK513620_1 0.0434935 0.0438270 0.0422786 0.0459961 0.0739908 0.0727174 0.0674419 0.0674235 0.0614393 0.0667906 0.0659218 0.0661804 0.0661939 0.0658315 0.0669771 0.0645582 0.0638437 0.0640589 0.0689136 0.0689154 0.0695902 0.0682427 0.0682046 0.0683139 0.0681533 0.0678117 0.0678117 0.0677357 0.0678111 0.0676433 0.0676433 0.0679742 0.0679721 0.0674764 0.0674571 0.0674592 0.0676441 0.0675173 0.0666464 0.0658708 0.0644655 0.0653720 0.0645027 0.0659972 0.0657667 0.0658143 0.0002552 0.0001276 0.0001276 0.0000000 0.0000010 0.0002552 0.0002552 0.0003190 0.0002552 0.0001914 0.0003828 0.0005104 0.0003190 0.0058187 0.0058166 0.0057506 0.0062734 0.0062077 0.0054241 0.0228267 0.0228939 0.0194364 0.0738049 0.0757302 0.0893583 0.0880093 0.0873494 0.0889042 0.0868782 0.0820807 0.0869821 0.0866050 
