78
MN822013_1 0.0000000 0.0040636 0.0026583 0.0201284 0.0432632 0.0426147 0.0368417 0.0364007 0.0308914 0.0367543 0.0360015 0.0362268 0.0363216 0.0362319 0.0371752 0.0346361 0.0337342 0.0339924 0.0387142 0.0387152 0.0383277 0.0369779 0.0369581 0.0369124 0.0367678 0.0364675 0.0364675 0.0363970 0.0364672 0.0363183 0.0363183 0.0366139 0.0366129 0.0361698 0.0361600 0.0361610 0.0364652 0.0363976 0.0351198 0.0341138 0.0350080 0.0356064 0.0348079 0.0364250 0.0362128 0.0359734 0.0434919 0.0433416 0.0433416 0.0434947 0.0434947 0.0433416 0.0433400 0.0435695 0.0434931 0.0434342 0.0434969 0.0434915 0.0432792 0.0404222 0.0400579 0.0399774 0.0398314 0.0396064 0.0400410 0.0349191 0.0349118 0.0370095 0.0420630 0.0456957 0.0609157 0.0618159 0.0603476 0.0611690 0.0583746 0.0534284 0.0577719 0.0566834 
MN145872_1 0.0040636 0.0000000 0.0025303 0.0191089 0.0432951 0.0426461 0.0374574 0.0365041 0.0311974 0.0367986 0.0361897 0.0364154 0.0365101 0.0362754 0.0373651 0.0347397 0.0339834 0.0342388 0.0389696 0.0389705 0.0385818 0.0372295 0.0372095 0.0371672 0.0370224 0.0367215 0.0367215 0.0366509 0.0367212 0.0365721 0.0365721 0.0368681 0.0368671 0.0364233 0.0364134 0.0364144 0.0367192 0.0366515 0.0352241 0.0346565 0.0353214 0.0359216 0.0351216 0.0367459 0.0365334 0.0362935 0.0438254 0.0436748 0.0436748 0.0438282 0.0438282 0.0436748 0.0436732 0.0439031 0.0438266 0.0437677 0.0438304 0.0438250 0.0436124 0.0407479 0.0403847 0.0403040 0.0401578 0.0399324 0.0403677 0.0350877 0.0350803 0.0370360 0.0422454 0.0460939 0.0614384 0.0622554 0.0608677 0.0615333 0.0587330 0.0537103 0.0579730 0.0571282 
JF727650_1 0.0026583 0.0025303 0.0000000 0.0184535 0.0420614 0.0414161 0.0359703 0.0352343 0.0297488 0.0356639 0.0349146 0.0351389 0.0352347 0.0351459 0.0360857 0.0335539 0.0324985 0.0329145 0.0377609 0.0377618 0.0373777 0.0360331 0.0360139 0.0358090 0.0356649 0.0353659 0.0353659 0.0352955 0.0353656 0.0352173 0.0352173 0.0355117 0.0355108 0.0350693 0.0350599 0.0350608 0.0353636 0.0352962 0.0341784 0.0330188 0.0339913 0.0344409 0.0336457 0.0350936 0.0348821 0.0346444 0.0422770 0.0421273 0.0421273 0.0422797 0.0422797 0.0421273 0.0421258 0.0423542 0.0422782 0.0422191 0.0422818 0.0422766 0.0420649 0.0392215 0.0388600 0.0387800 0.0386345 0.0384105 0.0388435 0.0335410 0.0335340 0.0357012 0.0407181 0.0445543 0.0600233 0.0609172 0.0594592 0.0601204 0.0573376 0.0523443 0.0567367 0.0557392 
HM562900_1 0.0201284 0.0191089 0.0184535 0.0000000 0.0454913 0.0448818 0.0424667 0.0370181 0.0330230 0.0419883 0.0412137 0.0412060 0.0406619 0.0412256 0.0415650 0.0394786 0.0401253 0.0390570 0.0423576 0.0427202 0.0436366 0.0421475 0.0417823 0.0415979 0.0419696 0.0414192 0.0414192 0.0414192 0.0414192 0.0414192 0.0414192 0.0415979 0.0414192 0.0412370 0.0412370 0.0410585 0.0415971 0.0414192 0.0401325 0.0380472 0.0351716 0.0357270 0.0351974 0.0360834 0.0361111 0.0360865 0.0459932 0.0458118 0.0458118 0.0459972 0.0459972 0.0458118 0.0458118 0.0459963 0.0458118 0.0458118 0.0458118 0.0458118 0.0458118 0.0423124 0.0426477 0.0419084 0.0419112 0.0417325 0.0419215 0.0372986 0.0374766 0.0394970 0.0350433 0.0431019 0.0542534 0.0543262 0.0532788 0.0531531 0.0523902 0.0500372 0.0521341 0.0509679 
MN630022_1 0.0432632 0.0432951 0.0420614 0.0454913 0.0000000 0.0025332 0.0375741 0.0344365 0.0287608 0.0468075 0.0460200 0.0461024 0.0461320 0.0462557 0.0468719 0.0446438 0.0445787 0.0444421 0.0500017 0.0501583 0.0494353 0.0482679 0.0483390 0.0483111 0.0481609 0.0478460 0.0478460 0.0477736 0.0478457 0.0476900 0.0476900 0.0479982 0.0479968 0.0475349 0.0475218 0.0475232 0.0478429 0.0477741 0.0467385 0.0460905 0.0462989 0.0467554 0.0459198 0.0473387 0.0471828 0.0470190 0.0741611 0.0739941 0.0739941 0.0739941 0.0739941 0.0739941 0.0739910 0.0742494 0.0741635 0.0741079 0.0741080 0.0738264 0.0739334 0.0710228 0.0705276 0.0703686 0.0702722 0.0700198 0.0705621 0.0642308 0.0643217 0.0673392 0.0622369 0.0673595 0.0868894 0.0877207 0.0859984 0.0865607 0.0847192 0.0790235 0.0837650 0.0835064 
KY969476_1 0.0426147 0.0426461 0.0414161 0.0448818 0.0025332 0.0000000 0.0368026 0.0336769 0.0280225 0.0458516 0.0450680 0.0451500 0.0451802 0.0453039 0.0457649 0.0435467 0.0433187 0.0434971 0.0488765 0.0490323 0.0483150 0.0471537 0.0472247 0.0471827 0.0470332 0.0467201 0.0467201 0.0466479 0.0467197 0.0465649 0.0465649 0.0468716 0.0468702 0.0464106 0.0463978 0.0463991 0.0467171 0.0466484 0.0457035 0.0451222 0.0454926 0.0460950 0.0451126 0.0466678 0.0465125 0.0463493 0.0728867 0.0727205 0.0727205 0.0727205 0.0727205 0.0727205 0.0727175 0.0729745 0.0728890 0.0728334 0.0728335 0.0725536 0.0726598 0.0699365 0.0696071 0.0694487 0.0693528 0.0691014 0.0696419 0.0638440 0.0639346 0.0666061 0.0614684 0.0666275 0.0858995 0.0867171 0.0850076 0.0855672 0.0835642 0.0778964 0.0826144 0.0822800 
JN635406_1 0.0368417 0.0374574 0.0359703 0.0424667 0.0375741 0.0368026 0.0000000 0.0307576 0.0250550 0.0417282 0.0409609 0.0411225 0.0409192 0.0411243 0.0417033 0.0393010 0.0390964 0.0389924 0.0432175 0.0433695 0.0428155 0.0415905 0.0414459 0.0414606 0.0411653 0.0410088 0.0410088 0.0409377 0.0410085 0.0408573 0.0408573 0.0411571 0.0411560 0.0407065 0.0406954 0.0406965 0.0410062 0.0407871 0.0398773 0.0394880 0.0393873 0.0409531 0.0399924 0.0416461 0.0414315 0.0413353 0.0676076 0.0674446 0.0674446 0.0674446 0.0674446 0.0674446 0.0674419 0.0676934 0.0676097 0.0675536 0.0675537 0.0672810 0.0673837 0.0649425 0.0645202 0.0644278 0.0642712 0.0640248 0.0642295 0.0591592 0.0592476 0.0615481 0.0554458 0.0610643 0.0814244 0.0824367 0.0805270 0.0814167 0.0793429 0.0736191 0.0782277 0.0765602 
GQ376027_1 0.0364007 0.0365041 0.0352343 0.0370181 0.0344365 0.0336769 0.0307576 0.0000000 0.0140783 0.0406200 0.0398564 0.0399361 0.0401758 0.0399373 0.0407414 0.0383266 0.0384932 0.0378146 0.0428387 0.0429904 0.0424381 0.0412152 0.0412855 0.0415978 0.0413000 0.0411460 0.0411460 0.0410749 0.0411456 0.0409944 0.0409944 0.0412943 0.0412932 0.0408436 0.0408325 0.0408336 0.0411433 0.0410755 0.0395725 0.0385567 0.0391645 0.0393438 0.0383881 0.0398523 0.0397013 0.0396945 0.0675893 0.0674262 0.0674262 0.0674262 0.0674262 0.0674262 0.0674235 0.0676751 0.0675914 0.0675352 0.0675353 0.0672625 0.0673652 0.0638446 0.0636585 0.0635666 0.0632493 0.0630036 0.0636953 0.0577043 0.0577922 0.0590286 0.0540602 0.0609672 0.0805292 0.0816579 0.0796730 0.0801441 0.0780547 0.0724571 0.0774246 0.0754932 
AB481088_1 0.0308914 0.0311974 0.0297488 0.0330230 0.0287608 0.0280225 0.0250550 0.0140783 0.0000000 0.0358478 0.0350998 0.0352564 0.0352752 0.0351888 0.0361242 0.0337417 0.0335624 0.0332460 0.0381878 0.0383369 0.0378038 0.0365247 0.0368044 0.0369014 0.0367571 0.0364574 0.0364574 0.0363871 0.0364571 0.0363085 0.0363085 0.0366035 0.0366025 0.0361603 0.0361505 0.0361515 0.0364551 0.0363877 0.0347496 0.0340310 0.0342814 0.0344578 0.0335181 0.0348909 0.0347427 0.0347366 0.0616017 0.0614415 0.0614415 0.0614415 0.0614415 0.0614415 0.0614391 0.0616856 0.0616036 0.0615466 0.0615468 0.0612808 0.0613800 0.0582810 0.0580684 0.0579791 0.0576667 0.0574256 0.0581072 0.0522053 0.0522911 0.0544747 0.0494752 0.0555733 0.0752961 0.0763024 0.0741384 0.0746722 0.0726490 0.0670066 0.0720326 0.0700225 
MK513626_1 0.0367543 0.0367986 0.0356639 0.0419883 0.0468075 0.0458516 0.0417282 0.0406200 0.0358478 0.0000000 0.0008843 0.0019639 0.0026010 0.0026640 0.0034934 0.0065306 0.0060096 0.0073765 0.0199560 0.0199576 0.0199327 0.0187561 0.0192272 0.0192627 0.0191269 0.0188494 0.0188494 0.0187823 0.0188493 0.0187112 0.0187112 0.0189864 0.0189859 0.0185732 0.0185683 0.0187057 0.0188483 0.0187828 0.0182084 0.0223638 0.0369351 0.0400900 0.0391299 0.0404717 0.0403203 0.0401621 0.0669560 0.0667933 0.0667933 0.0667933 0.0667933 0.0667933 0.0667906 0.0670416 0.0669581 0.0669018 0.0669648 0.0666300 0.0667323 0.0637822 0.0633526 0.0632609 0.0631047 0.0628593 0.0631660 0.0575552 0.0577270 0.0600815 0.0547546 0.0619520 0.0799880 0.0802847 0.0793766 0.0803327 0.0778679 0.0737630 0.0781565 0.0759882 
MK513624_1 0.0360015 0.0361897 0.0349146 0.0412137 0.0460200 0.0450680 0.0409609 0.0398564 0.0350998 0.0008843 0.0000000 0.0013280 0.0018360 0.0020260 0.0027257 0.0060089 0.0052235 0.0065923 0.0191254 0.0191269 0.0191031 0.0179314 0.0184011 0.0184264 0.0182910 0.0180147 0.0180147 0.0179478 0.0180146 0.0178770 0.0178770 0.0181512 0.0181507 0.0177396 0.0177349 0.0178718 0.0180136 0.0179483 0.0173830 0.0217916 0.0363281 0.0394722 0.0385148 0.0398453 0.0396943 0.0395367 0.0660866 0.0659244 0.0659244 0.0659244 0.0659244 0.0659244 0.0659217 0.0661718 0.0660886 0.0660323 0.0660953 0.0657616 0.0658633 0.0629292 0.0624965 0.0624052 0.0622494 0.0620049 0.0623107 0.0567321 0.0569032 0.0592480 0.0540912 0.0612677 0.0792459 0.0795392 0.0786384 0.0795914 0.0771347 0.0730424 0.0774222 0.0752595 
MH173047_1 0.0362268 0.0364154 0.0351389 0.0412060 0.0461024 0.0451500 0.0411225 0.0399361 0.0352564 0.0019639 0.0013280 0.0000000 0.0026639 0.0028543 0.0035562 0.0068523 0.0060730 0.0074391 0.0193346 0.0193361 0.0193121 0.0181391 0.0187444 0.0187740 0.0186384 0.0183616 0.0183616 0.0182946 0.0183615 0.0182237 0.0182237 0.0184983 0.0184979 0.0180861 0.0180813 0.0182184 0.0183605 0.0182951 0.0177261 0.0222078 0.0368447 0.0398501 0.0388913 0.0402284 0.0400772 0.0399193 0.0663454 0.0661830 0.0661830 0.0661830 0.0661830 0.0661830 0.0661804 0.0664307 0.0663475 0.0662911 0.0663541 0.0660201 0.0661220 0.0631833 0.0627515 0.0626601 0.0625043 0.0622595 0.0625655 0.0569777 0.0571489 0.0594965 0.0542734 0.0615189 0.0795161 0.0796361 0.0787343 0.0798613 0.0774019 0.0733056 0.0776898 0.0755253 
MH631016_1 0.0363216 0.0365101 0.0352347 0.0406619 0.0461320 0.0451802 0.0409192 0.0401758 0.0352752 0.0026010 0.0018360 0.0026639 0.0000000 0.0017065 0.0024046 0.0056827 0.0049000 0.0065200 0.0194662 0.0194678 0.0188773 0.0177082 0.0183119 0.0183648 0.0182294 0.0179530 0.0179530 0.0178861 0.0179529 0.0178153 0.0178153 0.0180895 0.0180891 0.0176778 0.0176732 0.0178101 0.0179519 0.0178866 0.0172950 0.0217932 0.0365029 0.0397950 0.0388376 0.0402377 0.0400865 0.0399285 0.0663589 0.0661965 0.0661965 0.0661965 0.0661965 0.0661965 0.0661938 0.0664442 0.0663609 0.0663046 0.0663676 0.0660335 0.0661354 0.0631958 0.0627640 0.0626725 0.0625166 0.0622718 0.0625779 0.0571364 0.0572240 0.0595695 0.0544335 0.0616809 0.0793282 0.0801823 0.0786403 0.0796668 0.0772119 0.0729360 0.0773330 0.0754174 
MF496201_1 0.0362319 0.0362754 0.0351459 0.0412256 0.0462557 0.0453039 0.0411243 0.0399373 0.0351888 0.0026640 0.0020260 0.0028543 0.0017065 0.0000000 0.0023401 0.0056162 0.0047678 0.0064527 0.0193896 0.0193911 0.0188013 0.0176330 0.0182364 0.0182194 0.0180841 0.0178080 0.0178080 0.0177411 0.0178079 0.0176704 0.0176704 0.0179444 0.0179439 0.0175331 0.0175285 0.0176653 0.0178069 0.0177416 0.0173558 0.0217839 0.0367065 0.0397026 0.0387459 0.0400682 0.0399172 0.0397594 0.0659962 0.0658340 0.0658340 0.0658340 0.0658340 0.0658340 0.0658314 0.0660814 0.0659982 0.0659419 0.0660049 0.0656714 0.0657730 0.0628408 0.0624077 0.0623165 0.0621608 0.0619164 0.0622221 0.0568745 0.0569620 0.0592331 0.0544779 0.0617316 0.0792798 0.0802080 0.0786667 0.0796183 0.0771652 0.0729150 0.0770520 0.0751275 
MK161348_1 0.0371752 0.0373651 0.0360857 0.0415650 0.0468719 0.0457649 0.0417033 0.0407414 0.0361242 0.0034934 0.0027257 0.0035562 0.0024046 0.0023401 0.0000000 0.0064548 0.0055484 0.0071648 0.0201373 0.0201389 0.0195458 0.0183738 0.0189785 0.0190406 0.0189050 0.0186280 0.0186280 0.0185610 0.0186278 0.0184900 0.0184900 0.0187647 0.0187643 0.0183522 0.0183474 0.0184846 0.0186269 0.0185615 0.0180983 0.0226172 0.0372100 0.0405085 0.0395492 0.0409619 0.0408104 0.0406519 0.0671425 0.0669798 0.0669798 0.0669798 0.0669798 0.0669798 0.0669771 0.0672281 0.0671446 0.0670884 0.0671514 0.0668166 0.0669188 0.0638756 0.0632861 0.0633551 0.0631990 0.0629538 0.0633530 0.0577285 0.0578162 0.0601663 0.0554098 0.0626035 0.0799132 0.0810150 0.0794639 0.0804185 0.0779577 0.0738594 0.0779071 0.0759209 
KY969480_1 0.0346361 0.0347397 0.0335539 0.0394786 0.0446438 0.0435467 0.0393010 0.0383266 0.0337417 0.0065306 0.0060089 0.0068523 0.0056827 0.0056162 0.0064548 0.0000000 0.0038611 0.0043992 0.0176316 0.0176330 0.0170625 0.0159115 0.0161101 0.0161794 0.0160449 0.0157710 0.0157710 0.0157044 0.0157709 0.0156344 0.0156344 0.0159065 0.0159061 0.0154981 0.0154941 0.0156299 0.0157700 0.0157048 0.0152262 0.0201296 0.0348935 0.0380123 0.0372049 0.0383016 0.0381514 0.0381424 0.0647223 0.0645607 0.0645607 0.0645607 0.0645607 0.0645607 0.0645581 0.0648071 0.0647243 0.0646677 0.0647307 0.0643986 0.0644995 0.0615070 0.0611483 0.0610576 0.0609023 0.0606588 0.0611274 0.0555078 0.0555949 0.0579089 0.0527247 0.0606445 0.0782257 0.0789860 0.0776076 0.0789040 0.0762799 0.0716375 0.0759950 0.0740140 
KT732231_1 0.0337342 0.0339834 0.0324985 0.0401253 0.0445787 0.0433187 0.0390964 0.0384932 0.0335624 0.0060096 0.0052235 0.0060730 0.0049000 0.0047678 0.0055484 0.0038611 0.0000000 0.0043188 0.0163765 0.0163778 0.0167872 0.0156243 0.0159604 0.0159591 0.0158248 0.0155514 0.0155514 0.0154849 0.0155513 0.0154151 0.0154151 0.0156867 0.0156863 0.0152791 0.0152751 0.0154106 0.0155505 0.0154854 0.0146611 0.0195731 0.0350844 0.0378680 0.0369052 0.0381742 0.0380243 0.0378680 0.0640072 0.0638461 0.0638461 0.0638461 0.0638461 0.0638461 0.0638436 0.0640917 0.0640092 0.0639526 0.0640155 0.0636845 0.0637849 0.0606275 0.0606048 0.0605145 0.0603596 0.0601167 0.0605841 0.0548499 0.0550214 0.0575190 0.0521222 0.0604663 0.0775923 0.0778723 0.0769893 0.0780352 0.0753906 0.0709220 0.0751545 0.0733967 
JN635404_1 0.0339924 0.0342388 0.0329145 0.0390570 0.0444421 0.0434971 0.0389924 0.0378146 0.0332460 0.0073765 0.0065923 0.0074391 0.0065200 0.0064527 0.0071648 0.0043992 0.0043188 0.0000000 0.0169462 0.0169475 0.0165037 0.0152130 0.0155444 0.0156268 0.0154926 0.0152195 0.0152195 0.0151530 0.0152194 0.0150833 0.0150833 0.0153547 0.0153543 0.0149474 0.0149435 0.0150789 0.0152186 0.0151535 0.0146628 0.0195646 0.0348208 0.0376428 0.0366931 0.0381261 0.0379761 0.0378198 0.0642227 0.0640614 0.0640614 0.0640614 0.0640614 0.0640614 0.0640589 0.0643073 0.0642247 0.0641681 0.0642311 0.0638995 0.0640002 0.0611795 0.0608194 0.0607289 0.0605738 0.0603306 0.0606351 0.0550266 0.0551134 0.0575079 0.0521363 0.0601355 0.0783980 0.0793207 0.0777888 0.0789108 0.0761202 0.0713099 0.0757329 0.0734174 
MK142916_1 0.0387142 0.0389696 0.0377609 0.0423576 0.0500017 0.0488765 0.0432175 0.0428387 0.0381878 0.0199560 0.0191254 0.0193346 0.0194662 0.0193896 0.0201373 0.0176316 0.0163765 0.0169462 0.0000000 0.0006303 0.0021547 0.0015828 0.0084841 0.0077218 0.0073897 0.0071262 0.0071262 0.0070611 0.0071261 0.0069946 0.0069946 0.0072573 0.0072571 0.0068632 0.0068615 0.0069927 0.0071258 0.0070613 0.0080546 0.0228389 0.0398598 0.0426718 0.0417011 0.0420429 0.0418280 0.0415821 0.0690801 0.0689163 0.0689163 0.0689163 0.0689163 0.0689163 0.0690822 0.0691663 0.0690822 0.0690263 0.0692580 0.0689206 0.0688555 0.0659621 0.0654560 0.0653633 0.0650401 0.0649593 0.0652677 0.0604616 0.0607196 0.0639854 0.0560596 0.0657718 0.0832968 0.0839761 0.0827516 0.0837207 0.0810472 0.0759287 0.0806478 0.0774403 
MK142914_1 0.0387152 0.0389705 0.0377618 0.0427202 0.0501583 0.0490323 0.0433695 0.0429904 0.0383369 0.0199576 0.0191269 0.0193361 0.0194678 0.0193911 0.0201389 0.0176330 0.0163778 0.0169475 0.0006303 0.0000000 0.0021549 0.0015829 0.0084847 0.0077224 0.0073902 0.0071267 0.0071267 0.0070616 0.0071266 0.0069951 0.0069951 0.0072578 0.0072577 0.0068637 0.0068620 0.0069932 0.0071263 0.0070619 0.0080552 0.0228407 0.0400098 0.0426756 0.0417047 0.0420466 0.0418317 0.0415857 0.0690819 0.0689182 0.0689182 0.0689182 0.0689182 0.0689182 0.0690840 0.0691681 0.0690840 0.0690281 0.0692598 0.0689224 0.0688574 0.0659638 0.0654577 0.0653650 0.0650418 0.0649610 0.0652694 0.0604632 0.0607212 0.0639870 0.0561280 0.0655410 0.0834754 0.0841557 0.0829295 0.0838993 0.0812239 0.0761022 0.0808243 0.0776152 
KU728743_1 0.0383277 0.0385818 0.0373777 0.0436366 0.0494353 0.0483150 0.0428155 0.0424381 0.0378038 0.0199327 0.0191031 0.0193121 0.0188773 0.0188013 0.0195458 0.0170625 0.0167872 0.0165037 0.0021547 0.0021549 0.0000000 0.0011994 0.0080744 0.0082503 0.0079183 0.0076540 0.0076540 0.0075889 0.0076540 0.0075221 0.0075221 0.0077855 0.0077853 0.0073894 0.0073875 0.0075190 0.0076536 0.0075891 0.0076451 0.0234020 0.0391758 0.0419718 0.0410066 0.0425007 0.0422855 0.0420390 0.0697571 0.0695930 0.0695930 0.0695930 0.0695930 0.0695930 0.0697593 0.0698435 0.0697593 0.0697034 0.0699356 0.0695973 0.0695323 0.0666275 0.0661238 0.0660307 0.0657069 0.0656259 0.0659349 0.0600057 0.0600944 0.0633449 0.0567652 0.0651214 0.0825277 0.0836496 0.0819542 0.0829186 0.0804320 0.0753346 0.0799653 0.0768387 
KJ410048_1 0.0369779 0.0372295 0.0360331 0.0421475 0.0482679 0.0471537 0.0415905 0.0412152 0.0365247 0.0187561 0.0179314 0.0181391 0.0177082 0.0176330 0.0183738 0.0159115 0.0156243 0.0152130 0.0015828 0.0015829 0.0011994 0.0000000 0.0068334 0.0069958 0.0066660 0.0064033 0.0064033 0.0063384 0.0064032 0.0062721 0.0062721 0.0065341 0.0065339 0.0061411 0.0061396 0.0062704 0.0064029 0.0063386 0.0064025 0.0220654 0.0380372 0.0406691 0.0397091 0.0412043 0.0409899 0.0407450 0.0684088 0.0682454 0.0682454 0.0682454 0.0682454 0.0682454 0.0684109 0.0684948 0.0684109 0.0683549 0.0685862 0.0682497 0.0681846 0.0653021 0.0647936 0.0647012 0.0643788 0.0642981 0.0646059 0.0586871 0.0587752 0.0620059 0.0555594 0.0636769 0.0816031 0.0827176 0.0809781 0.0819382 0.0792900 0.0742181 0.0788937 0.0758834 
MG912592_1 0.0369581 0.0372095 0.0360139 0.0417823 0.0483390 0.0472247 0.0414459 0.0412855 0.0368044 0.0192272 0.0184011 0.0187444 0.0183119 0.0182364 0.0189785 0.0161101 0.0159604 0.0155444 0.0084841 0.0084847 0.0080744 0.0068334 0.0000000 0.0012155 0.0008948 0.0006382 0.0006382 0.0006382 0.0006382 0.0005105 0.0005105 0.0007659 0.0007659 0.0007671 0.0007659 0.0008949 0.0010233 0.0009594 0.0065317 0.0222728 0.0379330 0.0407989 0.0398389 0.0413355 0.0411212 0.0408762 0.0683706 0.0682073 0.0682073 0.0682073 0.0682073 0.0682073 0.0682046 0.0684565 0.0683727 0.0683167 0.0683796 0.0680435 0.0681465 0.0653599 0.0648513 0.0647589 0.0644365 0.0643559 0.0646636 0.0586206 0.0586115 0.0618581 0.0556445 0.0636599 0.0809530 0.0818918 0.0801646 0.0814687 0.0784835 0.0734322 0.0780887 0.0754249 
KT732261_1 0.0369124 0.0371672 0.0358090 0.0415979 0.0483111 0.0471827 0.0414606 0.0415978 0.0369014 0.0192627 0.0184264 0.0187740 0.0183648 0.0182194 0.0190406 0.0161794 0.0159591 0.0156268 0.0077218 0.0077224 0.0082503 0.0069958 0.0012155 0.0000000 0.0010873 0.0008310 0.0008310 0.0008310 0.0008309 0.0007019 0.0007019 0.0009590 0.0009590 0.0009595 0.0009592 0.0010874 0.0012159 0.0011520 0.0065588 0.0223659 0.0375269 0.0409584 0.0399846 0.0414252 0.0412107 0.0409656 0.0684800 0.0683166 0.0683166 0.0683166 0.0683166 0.0683166 0.0683138 0.0685659 0.0684821 0.0684261 0.0684890 0.0681527 0.0682557 0.0649824 0.0649580 0.0648655 0.0645429 0.0644623 0.0647701 0.0583773 0.0585517 0.0618976 0.0557411 0.0640010 0.0804278 0.0807193 0.0796505 0.0810574 0.0778636 0.0728480 0.0775575 0.0749418 
KT732259_1 0.0367678 0.0370224 0.0356649 0.0419696 0.0481609 0.0470332 0.0411653 0.0413000 0.0367571 0.0191269 0.0182910 0.0186384 0.0182294 0.0180841 0.0189050 0.0160449 0.0158248 0.0154926 0.0073897 0.0073902 0.0079183 0.0066660 0.0008948 0.0010873 0.0000000 0.0005104 0.0005104 0.0005105 0.0005104 0.0003828 0.0003828 0.0006381 0.0006381 0.0006381 0.0006381 0.0007669 0.0008951 0.0008313 0.0063599 0.0222284 0.0375315 0.0408119 0.0398385 0.0412784 0.0410640 0.0408190 0.0683194 0.0681561 0.0681561 0.0681561 0.0681561 0.0681561 0.0681534 0.0684053 0.0683215 0.0682654 0.0683284 0.0679922 0.0680952 0.0648236 0.0647993 0.0647069 0.0643844 0.0643038 0.0646115 0.0582224 0.0583967 0.0615810 0.0555253 0.0641697 0.0806549 0.0809476 0.0798767 0.0812854 0.0780875 0.0730654 0.0777811 0.0751624 
KT732257_1 0.0364675 0.0367215 0.0353659 0.0414192 0.0478460 0.0467201 0.0410088 0.0411460 0.0364574 0.0188494 0.0180147 0.0183616 0.0179530 0.0178080 0.0186280 0.0157710 0.0155514 0.0152195 0.0071262 0.0071267 0.0076540 0.0064033 0.0006382 0.0008310 0.0005104 0.0000000 0.0000010 0.0000010 0.0001276 0.0001276 0.0001276 0.0002552 0.0002552 0.0003828 0.0003828 0.0005104 0.0006381 0.0005743 0.0060966 0.0219468 0.0373777 0.0405065 0.0395343 0.0409724 0.0407582 0.0405136 0.0679775 0.0678144 0.0678144 0.0678144 0.0678144 0.0678144 0.0678117 0.0680633 0.0679796 0.0679235 0.0679865 0.0676508 0.0677535 0.0644864 0.0644622 0.0643700 0.0640479 0.0639674 0.0642748 0.0578951 0.0580690 0.0614081 0.0552644 0.0638329 0.0802957 0.0805868 0.0795185 0.0809252 0.0777319 0.0727167 0.0774257 0.0748100 
KT732249_1 0.0364675 0.0367215 0.0353659 0.0414192 0.0478460 0.0467201 0.0410088 0.0411460 0.0364574 0.0188494 0.0180147 0.0183616 0.0179530 0.0178080 0.0186280 0.0157710 0.0155514 0.0152195 0.0071262 0.0071267 0.0076540 0.0064033 0.0006382 0.0008310 0.0005104 0.0000010 0.0000000 0.0000010 0.0001276 0.0001276 0.0001276 0.0002552 0.0002552 0.0003828 0.0003828 0.0005104 0.0006381 0.0005743 0.0060966 0.0219468 0.0373777 0.0405065 0.0395343 0.0409724 0.0407582 0.0405136 0.0679775 0.0678144 0.0678144 0.0678144 0.0678144 0.0678144 0.0678117 0.0680633 0.0679796 0.0679235 0.0679865 0.0676508 0.0677535 0.0644864 0.0644622 0.0643700 0.0640479 0.0639674 0.0642748 0.0578951 0.0580690 0.0614081 0.0552644 0.0638329 0.0802957 0.0805868 0.0795185 0.0809252 0.0777319 0.0727167 0.0774257 0.0748100 
KT732251_1 0.0363970 0.0366509 0.0352955 0.0414192 0.0477736 0.0466479 0.0409377 0.0410749 0.0363871 0.0187823 0.0179478 0.0182946 0.0178861 0.0177411 0.0185610 0.0157044 0.0154849 0.0151530 0.0070611 0.0070616 0.0075889 0.0063384 0.0006382 0.0008310 0.0005105 0.0000010 0.0000010 0.0000000 0.0001276 0.0001276 0.0001276 0.0002552 0.0002552 0.0003828 0.0003828 0.0005105 0.0006381 0.0005743 0.0060315 0.0218790 0.0373073 0.0404353 0.0394633 0.0409011 0.0406869 0.0404424 0.0679015 0.0677384 0.0677384 0.0677384 0.0677384 0.0677384 0.0677357 0.0679873 0.0679036 0.0678475 0.0679105 0.0675748 0.0676775 0.0644110 0.0643868 0.0642946 0.0639726 0.0638921 0.0641994 0.0578210 0.0579949 0.0613334 0.0551909 0.0637575 0.0802175 0.0805082 0.0794404 0.0808468 0.0776541 0.0726397 0.0773479 0.0747326 
KT732247_1 0.0364672 0.0367212 0.0353656 0.0414192 0.0478457 0.0467197 0.0410085 0.0411456 0.0364571 0.0188493 0.0180146 0.0183615 0.0179529 0.0178079 0.0186278 0.0157709 0.0155513 0.0152194 0.0071261 0.0071266 0.0076540 0.0064032 0.0006382 0.0008309 0.0005104 0.0001276 0.0001276 0.0001276 0.0000000 0.0001276 0.0001276 0.0002552 0.0002552 0.0003828 0.0003828 0.0005104 0.0006381 0.0005743 0.0060966 0.0219466 0.0373774 0.0405062 0.0395340 0.0409720 0.0407578 0.0405133 0.0679769 0.0678138 0.0678138 0.0678138 0.0678138 0.0678138 0.0678111 0.0680627 0.0679790 0.0679230 0.0679859 0.0676502 0.0677530 0.0644858 0.0644617 0.0643694 0.0640474 0.0639668 0.0642742 0.0578946 0.0580685 0.0614076 0.0552639 0.0638324 0.0802950 0.0805860 0.0795178 0.0809245 0.0777312 0.0727160 0.0774250 0.0748094 
KT732239_1 0.0363183 0.0365721 0.0352173 0.0414192 0.0476900 0.0465649 0.0408573 0.0409944 0.0363085 0.0187112 0.0178770 0.0182237 0.0178153 0.0176704 0.0184900 0.0156344 0.0154151 0.0150833 0.0069946 0.0069951 0.0075221 0.0062721 0.0005105 0.0007019 0.0003828 0.0001276 0.0001276 0.0001276 0.0001276 0.0000000 0.0000010 0.0002552 0.0002552 0.0002552 0.0002552 0.0003828 0.0005104 0.0004466 0.0059652 0.0218065 0.0372285 0.0403549 0.0393833 0.0408205 0.0406064 0.0403620 0.0678090 0.0676460 0.0676460 0.0676460 0.0676460 0.0676460 0.0676433 0.0678948 0.0678111 0.0677550 0.0678180 0.0674825 0.0675851 0.0643200 0.0642959 0.0642038 0.0638819 0.0638014 0.0641086 0.0577333 0.0579071 0.0612440 0.0551044 0.0636668 0.0801193 0.0804096 0.0793425 0.0807483 0.0775571 0.0725450 0.0772511 0.0746367 
KT732235_1 0.0363183 0.0365721 0.0352173 0.0414192 0.0476900 0.0465649 0.0408573 0.0409944 0.0363085 0.0187112 0.0178770 0.0182237 0.0178153 0.0176704 0.0184900 0.0156344 0.0154151 0.0150833 0.0069946 0.0069951 0.0075221 0.0062721 0.0005105 0.0007019 0.0003828 0.0001276 0.0001276 0.0001276 0.0001276 0.0000010 0.0000000 0.0002552 0.0002552 0.0002552 0.0002552 0.0003828 0.0005104 0.0004466 0.0059652 0.0218065 0.0372285 0.0403549 0.0393833 0.0408205 0.0406064 0.0403620 0.0678090 0.0676460 0.0676460 0.0676460 0.0676460 0.0676460 0.0676433 0.0678948 0.0678111 0.0677550 0.0678180 0.0674825 0.0675851 0.0643200 0.0642959 0.0642038 0.0638819 0.0638014 0.0641086 0.0577333 0.0579071 0.0612440 0.0551044 0.0636668 0.0801193 0.0804096 0.0793425 0.0807483 0.0775571 0.0725450 0.0772511 0.0746367 
KT732255_1 0.0366139 0.0368681 0.0355117 0.0415979 0.0479982 0.0468716 0.0411571 0.0412943 0.0366035 0.0189864 0.0181512 0.0184983 0.0180895 0.0179444 0.0187647 0.0159065 0.0156867 0.0153547 0.0072573 0.0072578 0.0077855 0.0065341 0.0007659 0.0009590 0.0006381 0.0002552 0.0002552 0.0002552 0.0002552 0.0002552 0.0002552 0.0000000 0.0003828 0.0005104 0.0005104 0.0006381 0.0007670 0.0007031 0.0062277 0.0220855 0.0373774 0.0406549 0.0396822 0.0411210 0.0409068 0.0406621 0.0681401 0.0679769 0.0679769 0.0679769 0.0679769 0.0679769 0.0679742 0.0682260 0.0681422 0.0680862 0.0681491 0.0678132 0.0679161 0.0646472 0.0646230 0.0645307 0.0642085 0.0641279 0.0644354 0.0580520 0.0582261 0.0615671 0.0554198 0.0639936 0.0804648 0.0806713 0.0796872 0.0810947 0.0778996 0.0728819 0.0775934 0.0749767 
KT732245_1 0.0366129 0.0368671 0.0355108 0.0414192 0.0479968 0.0468702 0.0411560 0.0412932 0.0366025 0.0189859 0.0181507 0.0184979 0.0180891 0.0179439 0.0187643 0.0159061 0.0156863 0.0153543 0.0072571 0.0072577 0.0077853 0.0065339 0.0007659 0.0009590 0.0006381 0.0002552 0.0002552 0.0002552 0.0002552 0.0002552 0.0002552 0.0003828 0.0000000 0.0005104 0.0005104 0.0006381 0.0007670 0.0007031 0.0062275 0.0220850 0.0375231 0.0406538 0.0396811 0.0411199 0.0409056 0.0406609 0.0681380 0.0679748 0.0679748 0.0679748 0.0679748 0.0679748 0.0679721 0.0682238 0.0681401 0.0680840 0.0681470 0.0678111 0.0679140 0.0646452 0.0646210 0.0645287 0.0642065 0.0641260 0.0644334 0.0580503 0.0582244 0.0615653 0.0554181 0.0638304 0.0802924 0.0805834 0.0795152 0.0809218 0.0777287 0.0727138 0.0774225 0.0748070 
KT732253_1 0.0361698 0.0364233 0.0350693 0.0412370 0.0475349 0.0464106 0.0407065 0.0408436 0.0361603 0.0185732 0.0177396 0.0180861 0.0176778 0.0175331 0.0183522 0.0154981 0.0152791 0.0149474 0.0068632 0.0068637 0.0073894 0.0061411 0.0007671 0.0009595 0.0006381 0.0003828 0.0003828 0.0003828 0.0003828 0.0002552 0.0002552 0.0005104 0.0005104 0.0000000 0.0001276 0.0002552 0.0002552 0.0003190 0.0058339 0.0216666 0.0371666 0.0402041 0.0392330 0.0406693 0.0404553 0.0402111 0.0676420 0.0674791 0.0674791 0.0674791 0.0674791 0.0674791 0.0674764 0.0677277 0.0676441 0.0675880 0.0676509 0.0673156 0.0674182 0.0641550 0.0641310 0.0640389 0.0637172 0.0636368 0.0639438 0.0575727 0.0577464 0.0610810 0.0549455 0.0635019 0.0801627 0.0804533 0.0793855 0.0807921 0.0775989 0.0725839 0.0772927 0.0746769 
KT732233_1 0.0361600 0.0364134 0.0350599 0.0412370 0.0475218 0.0463978 0.0406954 0.0408325 0.0361505 0.0185683 0.0177349 0.0180813 0.0176732 0.0175285 0.0183474 0.0154941 0.0152751 0.0149435 0.0068615 0.0068620 0.0073875 0.0061396 0.0007659 0.0009592 0.0006381 0.0003828 0.0003828 0.0003828 0.0003828 0.0002552 0.0002552 0.0005104 0.0005104 0.0001276 0.0000000 0.0002552 0.0003828 0.0003190 0.0058324 0.0216608 0.0371565 0.0401931 0.0392223 0.0406582 0.0404443 0.0402002 0.0676227 0.0674598 0.0674598 0.0674598 0.0674598 0.0674598 0.0674571 0.0677083 0.0676248 0.0675687 0.0676316 0.0672964 0.0673989 0.0641368 0.0641128 0.0640208 0.0636991 0.0636187 0.0639257 0.0575565 0.0577302 0.0610638 0.0549302 0.0634839 0.0801393 0.0804298 0.0793623 0.0807685 0.0775764 0.0725630 0.0772703 0.0746553 
KT732237_1 0.0361610 0.0364144 0.0350608 0.0410585 0.0475232 0.0463991 0.0406965 0.0408336 0.0361515 0.0187057 0.0178718 0.0182184 0.0178101 0.0176653 0.0184846 0.0156299 0.0154106 0.0150789 0.0069927 0.0069932 0.0075190 0.0062704 0.0008949 0.0010874 0.0007669 0.0005104 0.0005104 0.0005105 0.0005104 0.0003828 0.0003828 0.0006381 0.0006381 0.0002552 0.0002552 0.0000000 0.0005104 0.0004466 0.0059635 0.0218001 0.0371576 0.0401943 0.0392234 0.0406594 0.0404454 0.0402013 0.0676248 0.0674619 0.0674619 0.0674619 0.0674619 0.0674619 0.0674592 0.0677104 0.0676269 0.0675708 0.0676337 0.0672985 0.0674010 0.0641388 0.0641147 0.0640227 0.0637011 0.0636207 0.0639277 0.0575582 0.0577319 0.0610657 0.0549318 0.0634858 0.0801419 0.0804324 0.0793649 0.0807712 0.0775789 0.0725653 0.0772728 0.0746576 
KT732243_1 0.0364652 0.0367192 0.0353636 0.0415971 0.0478429 0.0467171 0.0410062 0.0411433 0.0364551 0.0188483 0.0180136 0.0183605 0.0179519 0.0178069 0.0186269 0.0157700 0.0155505 0.0152186 0.0071258 0.0071263 0.0076536 0.0064029 0.0010233 0.0012159 0.0008951 0.0006381 0.0006381 0.0006381 0.0006381 0.0005104 0.0005104 0.0007670 0.0007670 0.0002552 0.0003828 0.0005104 0.0000000 0.0005743 0.0060963 0.0219454 0.0374623 0.0405039 0.0395318 0.0409697 0.0407555 0.0405110 0.0678098 0.0676468 0.0676468 0.0676468 0.0676468 0.0676468 0.0676441 0.0678955 0.0678119 0.0677558 0.0678188 0.0674832 0.0675859 0.0643207 0.0642966 0.0642045 0.0638826 0.0638021 0.0641093 0.0577339 0.0579077 0.0612446 0.0552607 0.0638286 0.0805084 0.0808005 0.0797304 0.0811387 0.0779417 0.0729210 0.0776353 0.0750171 
KT732241_1 0.0363976 0.0366515 0.0352962 0.0414192 0.0477741 0.0466484 0.0407871 0.0410755 0.0363877 0.0187828 0.0179483 0.0182951 0.0178866 0.0177416 0.0185615 0.0157048 0.0154854 0.0151535 0.0070613 0.0070619 0.0075891 0.0063386 0.0009594 0.0011520 0.0008313 0.0005743 0.0005743 0.0005743 0.0005743 0.0004466 0.0004466 0.0007031 0.0007031 0.0003190 0.0003190 0.0004466 0.0005743 0.0000000 0.0060317 0.0218796 0.0373948 0.0404359 0.0394639 0.0409017 0.0406875 0.0404430 0.0676828 0.0675199 0.0675199 0.0675199 0.0675199 0.0675199 0.0675173 0.0677685 0.0676849 0.0676288 0.0676918 0.0673565 0.0674591 0.0641971 0.0641730 0.0640810 0.0637594 0.0636790 0.0639860 0.0576169 0.0577905 0.0611241 0.0551913 0.0637578 0.0802596 0.0805507 0.0794821 0.0808893 0.0776948 0.0726778 0.0773886 0.0747718 
KJ018971_2 0.0351198 0.0352241 0.0341784 0.0401325 0.0467385 0.0457035 0.0398773 0.0395725 0.0347496 0.0182084 0.0173830 0.0177261 0.0172950 0.0173558 0.0180983 0.0152262 0.0146611 0.0146628 0.0080546 0.0080552 0.0076451 0.0064025 0.0065317 0.0065588 0.0063599 0.0060966 0.0060966 0.0060315 0.0060966 0.0059652 0.0059652 0.0062277 0.0062275 0.0058339 0.0058324 0.0059635 0.0060963 0.0060317 0.0000000 0.0210257 0.0364878 0.0394848 0.0385987 0.0400041 0.0397897 0.0395454 0.0666491 0.0666490 0.0666490 0.0666490 0.0666490 0.0666490 0.0666464 0.0668978 0.0668142 0.0667578 0.0668209 0.0664855 0.0665879 0.0638832 0.0633699 0.0632779 0.0629559 0.0628754 0.0631829 0.0568366 0.0569243 0.0600640 0.0534613 0.0619851 0.0795327 0.0803811 0.0786624 0.0797072 0.0769151 0.0722216 0.0767599 0.0741999 
KC117298_1 0.0341138 0.0346565 0.0330188 0.0380472 0.0460905 0.0451222 0.0394880 0.0385567 0.0340310 0.0223638 0.0217916 0.0222078 0.0217932 0.0217839 0.0226172 0.0201296 0.0195731 0.0195646 0.0228389 0.0228407 0.0234020 0.0220654 0.0222728 0.0223659 0.0222284 0.0219468 0.0219468 0.0218790 0.0219466 0.0218065 0.0218065 0.0220855 0.0220850 0.0216666 0.0216608 0.0218001 0.0219454 0.0218796 0.0210257 0.0000000 0.0358327 0.0379330 0.0372651 0.0385164 0.0383030 0.0382088 0.0660362 0.0658734 0.0658734 0.0658734 0.0658734 0.0658734 0.0658708 0.0661218 0.0660383 0.0659817 0.0660449 0.0657101 0.0658122 0.0625387 0.0623498 0.0620932 0.0619370 0.0618567 0.0621592 0.0556144 0.0557870 0.0590394 0.0531430 0.0604997 0.0789052 0.0791669 0.0781979 0.0797039 0.0771102 0.0715889 0.0762109 0.0742745 
JN635410_1 0.0350080 0.0353214 0.0339913 0.0351716 0.0462989 0.0454926 0.0393873 0.0391645 0.0342814 0.0369351 0.0363281 0.0368447 0.0365029 0.0367065 0.0372100 0.0348935 0.0350844 0.0348208 0.0398598 0.0400098 0.0391758 0.0380372 0.0379330 0.0375269 0.0375315 0.0373777 0.0373777 0.0373073 0.0373774 0.0372285 0.0372285 0.0373774 0.0375231 0.0371666 0.0371565 0.0371576 0.0374623 0.0373948 0.0364878 0.0358327 0.0000000 0.0375733 0.0368361 0.0381278 0.0379778 0.0378214 0.0646295 0.0644680 0.0644680 0.0644680 0.0644680 0.0644680 0.0644654 0.0645482 0.0644654 0.0645750 0.0644719 0.0643014 0.0644068 0.0618159 0.0613853 0.0614543 0.0611392 0.0608955 0.0609644 0.0555767 0.0556637 0.0583647 0.0527416 0.0604227 0.0801408 0.0807526 0.0792260 0.0797649 0.0777139 0.0724016 0.0766138 0.0754893 
MF449469_1 0.0356064 0.0359216 0.0344409 0.0357270 0.0467554 0.0460950 0.0409531 0.0393438 0.0344578 0.0400900 0.0394722 0.0398501 0.0397950 0.0397026 0.0405085 0.0380123 0.0378680 0.0376428 0.0426718 0.0426756 0.0419718 0.0406691 0.0407989 0.0409584 0.0408119 0.0405065 0.0405065 0.0404353 0.0405062 0.0403549 0.0403549 0.0406549 0.0406538 0.0402041 0.0401931 0.0401943 0.0405039 0.0404359 0.0394848 0.0379330 0.0375733 0.0000000 0.0011350 0.0012151 0.0008951 0.0007019 0.0655370 0.0653746 0.0653746 0.0653746 0.0653746 0.0653746 0.0653720 0.0656222 0.0655390 0.0654824 0.0655455 0.0652117 0.0653133 0.0625703 0.0622834 0.0621919 0.0618754 0.0616305 0.0622579 0.0561914 0.0561789 0.0589176 0.0540330 0.0513597 0.0798146 0.0809443 0.0791335 0.0796736 0.0772104 0.0721572 0.0756633 0.0748869 
JN635402_1 0.0348079 0.0351216 0.0336457 0.0351974 0.0459198 0.0451126 0.0399924 0.0383881 0.0335181 0.0391299 0.0385148 0.0388913 0.0388376 0.0387459 0.0395492 0.0372049 0.0369052 0.0366931 0.0417011 0.0417047 0.0410066 0.0397091 0.0398389 0.0399846 0.0398385 0.0395343 0.0395343 0.0394633 0.0395340 0.0393833 0.0393833 0.0396822 0.0396811 0.0392330 0.0392223 0.0392234 0.0395318 0.0394639 0.0385987 0.0372651 0.0368361 0.0011350 0.0000000 0.0019202 0.0015997 0.0014065 0.0646672 0.0645052 0.0645052 0.0645052 0.0645052 0.0645052 0.0645027 0.0647522 0.0646692 0.0646125 0.0646757 0.0643427 0.0644439 0.0617130 0.0614223 0.0613312 0.0610153 0.0607710 0.0613971 0.0554206 0.0554083 0.0579826 0.0531757 0.0505131 0.0789414 0.0800645 0.0782646 0.0788029 0.0763475 0.0713093 0.0748043 0.0741954 
KT732229_1 0.0364250 0.0367459 0.0350936 0.0360834 0.0473387 0.0466678 0.0416461 0.0398523 0.0348909 0.0404717 0.0398453 0.0402284 0.0402377 0.0400682 0.0409619 0.0383016 0.0381742 0.0381261 0.0420429 0.0420466 0.0425007 0.0412043 0.0413355 0.0414252 0.0412784 0.0409724 0.0409724 0.0409011 0.0409720 0.0408205 0.0408205 0.0411210 0.0411199 0.0406693 0.0406582 0.0406594 0.0409697 0.0409017 0.0400041 0.0385164 0.0381278 0.0012151 0.0019202 0.0000000 0.0005102 0.0010224 0.0661626 0.0659998 0.0659998 0.0659998 0.0659998 0.0659998 0.0659972 0.0662481 0.0661646 0.0661081 0.0661713 0.0658365 0.0659386 0.0629236 0.0628999 0.0628081 0.0624908 0.0622453 0.0628741 0.0567140 0.0567859 0.0596431 0.0546826 0.0529558 0.0805867 0.0810767 0.0799121 0.0805490 0.0780459 0.0728362 0.0765677 0.0758585 
KT732227_1 0.0362128 0.0365334 0.0348821 0.0361111 0.0471828 0.0465125 0.0414315 0.0397013 0.0347427 0.0403203 0.0396943 0.0400772 0.0400865 0.0399172 0.0408104 0.0381514 0.0380243 0.0379761 0.0418280 0.0418317 0.0422855 0.0409899 0.0411212 0.0412107 0.0410640 0.0407582 0.0407582 0.0406869 0.0407578 0.0406064 0.0406064 0.0409068 0.0409056 0.0404553 0.0404443 0.0404454 0.0407555 0.0406875 0.0397897 0.0383030 0.0379778 0.0008951 0.0015997 0.0005102 0.0000000 0.0007655 0.0659320 0.0657693 0.0657693 0.0657693 0.0657693 0.0657693 0.0657667 0.0660174 0.0659340 0.0658775 0.0659407 0.0656061 0.0657081 0.0626950 0.0626714 0.0625797 0.0622626 0.0620172 0.0626457 0.0564899 0.0565618 0.0594168 0.0544602 0.0527333 0.0803465 0.0808353 0.0796721 0.0803086 0.0778073 0.0726009 0.0763298 0.0756211 
KT732225_1 0.0359734 0.0362935 0.0346444 0.0360865 0.0470190 0.0463493 0.0413353 0.0396945 0.0347366 0.0401621 0.0395367 0.0399193 0.0399285 0.0397594 0.0406519 0.0381424 0.0378680 0.0378198 0.0415821 0.0415857 0.0420390 0.0407450 0.0408762 0.0409656 0.0408190 0.0405136 0.0405136 0.0404424 0.0405133 0.0403620 0.0403620 0.0406621 0.0406609 0.0402111 0.0402002 0.0402013 0.0405110 0.0404430 0.0395454 0.0382088 0.0378214 0.0007019 0.0014065 0.0010224 0.0007655 0.0000000 0.0659796 0.0658169 0.0658169 0.0658169 0.0658169 0.0658169 0.0658143 0.0660650 0.0659816 0.0659251 0.0659883 0.0656538 0.0657557 0.0627433 0.0627197 0.0626280 0.0623110 0.0620656 0.0626940 0.0565394 0.0566113 0.0594658 0.0541947 0.0523165 0.0802207 0.0807088 0.0795468 0.0801829 0.0776834 0.0726472 0.0762069 0.0752557 
MK513622_1 0.0434919 0.0438254 0.0422770 0.0459932 0.0741611 0.0728867 0.0676076 0.0675893 0.0616017 0.0669560 0.0660866 0.0663454 0.0663589 0.0659962 0.0671425 0.0647223 0.0640072 0.0642227 0.0690801 0.0690819 0.0697571 0.0684088 0.0683706 0.0684800 0.0683194 0.0679775 0.0679775 0.0679015 0.0679769 0.0678090 0.0678090 0.0681401 0.0681380 0.0676420 0.0676227 0.0676248 0.0678098 0.0676828 0.0666491 0.0660362 0.0646295 0.0655370 0.0646672 0.0661626 0.0659320 0.0659796 0.0000000 0.0001276 0.0001276 0.0002552 0.0002552 0.0002552 0.0002552 0.0003190 0.0002552 0.0001914 0.0003828 0.0005104 0.0003190 0.0058184 0.0058163 0.0057503 0.0062731 0.0062074 0.0054238 0.0228257 0.0228928 0.0194356 0.0738029 0.0757281 0.0893561 0.0880072 0.0873473 0.0889021 0.0868761 0.0820785 0.0869801 0.0866031 
MK513604_1 0.0433416 0.0436748 0.0421273 0.0458118 0.0739941 0.0727205 0.0674446 0.0674262 0.0614415 0.0667933 0.0659244 0.0661830 0.0661965 0.0658340 0.0669798 0.0645607 0.0638461 0.0640614 0.0689163 0.0689182 0.0695930 0.0682454 0.0682073 0.0683166 0.0681561 0.0678144 0.0678144 0.0677384 0.0678138 0.0676460 0.0676460 0.0679769 0.0679748 0.0674791 0.0674598 0.0674619 0.0676468 0.0675199 0.0666490 0.0658734 0.0644680 0.0653746 0.0645052 0.0659998 0.0657693 0.0658169 0.0001276 0.0000000 0.0000010 0.0001276 0.0001276 0.0001276 0.0001276 0.0001914 0.0001276 0.0000638 0.0002552 0.0003828 0.0001914 0.0056879 0.0056857 0.0056198 0.0061424 0.0060767 0.0052935 0.0226862 0.0227533 0.0192980 0.0736369 0.0755605 0.0891812 0.0878323 0.0871732 0.0887272 0.0867025 0.0819074 0.0868064 0.0864293 
MK513598_1 0.0433416 0.0436748 0.0421273 0.0458118 0.0739941 0.0727205 0.0674446 0.0674262 0.0614415 0.0667933 0.0659244 0.0661830 0.0661965 0.0658340 0.0669798 0.0645607 0.0638461 0.0640614 0.0689163 0.0689182 0.0695930 0.0682454 0.0682073 0.0683166 0.0681561 0.0678144 0.0678144 0.0677384 0.0678138 0.0676460 0.0676460 0.0679769 0.0679748 0.0674791 0.0674598 0.0674619 0.0676468 0.0675199 0.0666490 0.0658734 0.0644680 0.0653746 0.0645052 0.0659998 0.0657693 0.0658169 0.0001276 0.0000010 0.0000000 0.0001276 0.0001276 0.0001276 0.0001276 0.0001914 0.0001276 0.0000638 0.0002552 0.0003828 0.0001914 0.0056879 0.0056857 0.0056198 0.0061424 0.0060767 0.0052935 0.0226862 0.0227533 0.0192980 0.0736369 0.0755605 0.0891812 0.0878323 0.0871732 0.0887272 0.0867025 0.0819074 0.0868064 0.0864293 
MK513620_1 0.0434947 0.0438282 0.0422797 0.0459972 0.0739941 0.0727205 0.0674446 0.0674262 0.0614415 0.0667933 0.0659244 0.0661830 0.0661965 0.0658340 0.0669798 0.0645607 0.0638461 0.0640614 0.0689163 0.0689182 0.0695930 0.0682454 0.0682073 0.0683166 0.0681561 0.0678144 0.0678144 0.0677384 0.0678138 0.0676460 0.0676460 0.0679769 0.0679748 0.0674791 0.0674598 0.0674619 0.0676468 0.0675199 0.0666490 0.0658734 0.0644680 0.0653746 0.0645052 0.0659998 0.0657693 0.0658169 0.0002552 0.0001276 0.0001276 0.0000000 0.0000010 0.0002552 0.0002552 0.0003190 0.0002552 0.0001914 0.0003828 0.0005104 0.0003190 0.0058188 0.0058166 0.0057506 0.0062734 0.0062077 0.0054241 0.0228270 0.0228942 0.0194367 0.0738082 0.0757337 0.0893629 0.0880139 0.0873539 0.0889089 0.0868827 0.0820846 0.0869867 0.0866096 
